
Model: DTLZ_7
Args:
	number of decisions: 10
	number of objectives: 3Settings: 
{	:better <function lt at 0x107b0f1b8>
 	:candidates 500
 	:era 100
 	:gens 500
 	:lives 3
 	:mutate_prob 0.25
 	:patience 2
 	:retain 0.33
}
 Baseline Population: 
0.93114, 0.93114, 15.48558
0.81521, 0.81521, 19.07116
0.01245, 0.01245, 16.68175
0.02285, 0.02285, 22.98756
0.97466, 0.97466, 20.60822
0.94640, 0.94640, 13.94435
0.62466, 0.62466, 21.09222
0.43381, 0.43381, 17.03162
0.40129, 0.40129, 22.73637
0.06899, 0.06899, 17.54142
0.10113, 0.10113, 14.21422
0.04710, 0.04710, 21.98570
0.50605, 0.50605, 13.97121
0.22772, 0.22772, 12.35695
0.72943, 0.72943, 22.43347
0.58476, 0.58476, 13.55437
0.96653, 0.96653, 20.34464
0.34492, 0.34492, 16.13873
0.16534, 0.16534, 14.02694
0.67383, 0.67383, 15.94204
0.35982, 0.35982, 21.20624
0.23025, 0.23025, 16.29024
0.29029, 0.29029, 16.11373
0.48599, 0.48599, 13.45581
0.33078, 0.33078, 14.25499
0.78996, 0.78996, 21.07135
0.15672, 0.15672, 13.83851
0.79234, 0.79234, 20.35933
0.44499, 0.44499, 15.91201
0.43544, 0.43544, 16.71405
0.58479, 0.58479, 20.10256
0.34973, 0.34973, 17.52891
0.43382, 0.43382, 15.35022
0.36266, 0.36266, 13.01477
0.81512, 0.81512, 15.75576
0.43949, 0.43949, 22.97373
0.88416, 0.88416, 13.43345
0.87409, 0.87409, 13.02593
0.99775, 0.99775, 20.61089
0.59319, 0.59319, 19.91347
0.71983, 0.71983, 14.57719
0.66733, 0.66733, 16.49531
0.80577, 0.80577, 13.89195
0.29694, 0.29694, 17.08303
0.95382, 0.95382, 18.99421
0.44565, 0.44565, 19.90464
0.45027, 0.45027, 16.70272
0.66003, 0.66003, 20.02187
0.95769, 0.95769, 20.65701
0.45860, 0.45860, 16.15770
0.68881, 0.68881, 15.58519
0.46920, 0.46920, 24.12708
0.70876, 0.70876, 22.06993
0.79748, 0.79748, 14.45999
0.91290, 0.91290, 15.86121
0.03319, 0.03319, 15.00291
0.68364, 0.68364, 16.63222
0.51219, 0.51219, 16.04353
0.24004, 0.24004, 15.91080
0.81068, 0.81068, 21.70357
0.74622, 0.74622, 21.88900
0.06451, 0.06451, 16.32888
0.46618, 0.46618, 16.00115
0.10022, 0.10022, 20.97969
0.96921, 0.96921, 20.53904
0.38267, 0.38267, 16.80140
0.38341, 0.38341, 20.04072
0.69797, 0.69797, 21.58853
0.93570, 0.93570, 13.98336
0.56580, 0.56580, 21.33816
0.64818, 0.64818, 20.51160
0.20218, 0.20218, 21.51250
0.05347, 0.05347, 17.82421
0.73857, 0.73857, 20.12066
0.01858, 0.01858, 14.33586
0.13307, 0.13307, 15.95560
0.67094, 0.67094, 21.78265
0.66232, 0.66232, 21.48027
0.12811, 0.12811, 17.01689
0.14597, 0.14597, 17.41083
0.80692, 0.80692, 19.06437
0.33184, 0.33184, 20.32970
0.52048, 0.52048, 16.58953
0.59652, 0.59652, 21.51388
0.68700, 0.68700, 19.22778
0.88877, 0.88877, 15.49676
0.64353, 0.64353, 21.07707
0.27630, 0.27630, 16.41022
0.79294, 0.79294, 20.23209
0.28331, 0.28331, 13.39076
0.81498, 0.81498, 18.97501
0.05128, 0.05128, 15.50071
0.07484, 0.07484, 14.74533
0.53828, 0.53828, 23.68171
0.05373, 0.05373, 17.26277
0.73193, 0.73193, 20.75437
0.93324, 0.93324, 21.33882
0.69239, 0.69239, 19.69885
0.11675, 0.11675, 21.17230
0.93098, 0.93098, 23.56248
0.98136, 0.98136, 18.83996
0.52861, 0.52861, 20.01134
0.67421, 0.67421, 19.46964
0.45079, 0.45079, 16.56516
0.57916, 0.57916, 23.47469
0.37024, 0.37024, 20.19364
0.22330, 0.22330, 15.55292
0.91538, 0.91538, 23.28636
0.10628, 0.10628, 16.23028
0.56330, 0.56330, 23.84612
0.20417, 0.20417, 14.73558
0.60218, 0.60218, 16.18122
0.17567, 0.17567, 16.67802
0.62124, 0.62124, 19.47940
0.10512, 0.10512, 17.28135
0.24427, 0.24427, 21.07195
0.57259, 0.57259, 23.95787
0.18533, 0.18533, 15.47881
0.85196, 0.85196, 20.37509
0.76670, 0.76670, 20.02403
0.55727, 0.55727, 20.77838
0.96215, 0.96215, 18.83358
0.43345, 0.43345, 22.29461
0.66597, 0.66597, 16.48612
0.51890, 0.51890, 22.44912
0.55315, 0.55315, 22.21381
0.18220, 0.18220, 16.35830
0.81353, 0.81353, 19.13392
0.81852, 0.81852, 22.54904
0.55897, 0.55897, 14.63886
0.80008, 0.80008, 20.98879
0.61002, 0.61002, 14.57102
0.39934, 0.39934, 24.03917
0.67467, 0.67467, 16.72239
0.67989, 0.67989, 20.54584
0.71915, 0.71915, 19.91154
0.58250, 0.58250, 16.33488
0.01579, 0.01579, 16.08564
0.10080, 0.10080, 15.45895
0.88020, 0.88020, 19.45954
0.53826, 0.53826, 22.59268
0.92225, 0.92225, 16.24181
0.98306, 0.98306, 15.82297
0.16469, 0.16469, 15.14987
0.86406, 0.86406, 20.51205
0.75809, 0.75809, 20.78157
0.46785, 0.46785, 21.06747
0.38344, 0.38344, 16.50915
0.31391, 0.31391, 16.41644
0.68591, 0.68591, 16.59422
0.78955, 0.78955, 21.30698
0.67970, 0.67970, 22.14228
0.08056, 0.08056, 17.35519
0.51766, 0.51766, 24.01254
0.78446, 0.78446, 24.91830
0.06856, 0.06856, 15.62222
0.99886, 0.99886, 22.61783
0.33288, 0.33288, 16.27068
0.89506, 0.89506, 15.73779
0.65814, 0.65814, 13.85396
0.56837, 0.56837, 22.54702
0.18831, 0.18831, 17.20816
0.63535, 0.63535, 20.51203
0.83760, 0.83760, 19.30070
0.02806, 0.02806, 15.54422
0.14041, 0.14041, 16.37733
0.07651, 0.07651, 13.16598
0.80822, 0.80822, 19.12947
0.97080, 0.97080, 22.48589
0.13449, 0.13449, 16.81687
0.89415, 0.89415, 16.03276
0.08706, 0.08706, 14.93290
0.21732, 0.21732, 20.85680
0.20105, 0.20105, 15.60338
0.68470, 0.68470, 14.66864
0.56517, 0.56517, 20.03408
0.07094, 0.07094, 22.47455
0.24146, 0.24146, 16.39087
0.67043, 0.67043, 14.05057
0.68014, 0.68014, 19.75188
0.85152, 0.85152, 18.87594
0.14617, 0.14617, 21.13394
0.70493, 0.70493, 15.57209
0.08959, 0.08959, 15.09697
0.99504, 0.99504, 22.94982
0.68736, 0.68736, 19.83282
0.82400, 0.82400, 20.74273
0.61205, 0.61205, 23.27823
0.74020, 0.74020, 19.58360
0.77993, 0.77993, 15.42723
0.07412, 0.07412, 15.17225
0.49270, 0.49270, 20.76460
0.88268, 0.88268, 20.92178
0.40308, 0.40308, 16.92384
0.00723, 0.00723, 16.75160
0.99364, 0.99364, 20.31202
0.41166, 0.41166, 14.43121
0.14183, 0.14183, 14.10250
0.41892, 0.41892, 17.36973
0.02703, 0.02703, 14.44772
0.07875, 0.07875, 21.09812
0.51582, 0.51582, 20.85063
0.88245, 0.88245, 21.84976
0.67151, 0.67151, 21.48895
0.50278, 0.50278, 17.13965
0.21984, 0.21984, 21.32516
0.86383, 0.86383, 13.35517
0.84697, 0.84697, 20.95338
0.29872, 0.29872, 17.43137
0.19653, 0.19653, 16.11773
0.40871, 0.40871, 15.90225
0.97400, 0.97400, 22.43016
0.75815, 0.75815, 21.08713
0.87725, 0.87725, 15.92377
0.68138, 0.68138, 19.57654
0.57681, 0.57681, 15.31461
0.22660, 0.22660, 15.71856
0.38288, 0.38288, 22.30362
0.07261, 0.07261, 16.67032
0.24057, 0.24057, 13.12709
0.03422, 0.03422, 17.77229
0.78994, 0.78994, 19.39510
0.75864, 0.75864, 16.33518
0.86089, 0.86089, 21.32569
0.29065, 0.29065, 16.16508
0.41237, 0.41237, 22.52491
0.01100, 0.01100, 16.75939
0.67427, 0.67427, 21.95837
0.89766, 0.89766, 15.90942
0.24449, 0.24449, 10.33880
0.80300, 0.80300, 15.90932
0.22081, 0.22081, 21.15346
0.40849, 0.40849, 16.93033
0.61931, 0.61931, 20.51783
0.47136, 0.47136, 16.84344
0.96962, 0.96962, 20.97644
0.19949, 0.19949, 20.68447
0.71817, 0.71817, 24.41494
0.20199, 0.20199, 17.39778
0.46866, 0.46866, 20.28941
0.40848, 0.40848, 16.05642
0.51336, 0.51336, 16.80502
0.92339, 0.92339, 14.77341
0.63356, 0.63356, 13.58472
0.60732, 0.60732, 23.02916
0.74658, 0.74658, 21.16412
0.16901, 0.16901, 21.19876
0.24290, 0.24290, 14.56268
0.95080, 0.95080, 14.72229
0.78574, 0.78574, 15.59127
0.59117, 0.59117, 19.66417
0.46365, 0.46365, 13.90533
0.02984, 0.02984, 13.69122
0.44468, 0.44468, 20.94932
0.21266, 0.21266, 20.23760
0.07960, 0.07960, 16.30860
0.41547, 0.41547, 14.34652
0.88999, 0.88999, 20.05862
0.90376, 0.90376, 19.91684
0.05682, 0.05682, 17.04965
0.13919, 0.13919, 16.05137
0.54632, 0.54632, 20.69460
0.91581, 0.91581, 19.28460
0.25778, 0.25778, 17.12045
0.25479, 0.25479, 13.89790
0.05755, 0.05755, 16.24424
0.99213, 0.99213, 19.43481
0.02670, 0.02670, 17.41762
0.94401, 0.94401, 19.32448
0.41098, 0.41098, 15.45798
0.87675, 0.87675, 19.19587
0.12404, 0.12404, 16.42699
0.03948, 0.03948, 15.45187
0.85677, 0.85677, 20.28377
0.88651, 0.88651, 21.80727
0.36762, 0.36762, 16.49634
0.46732, 0.46732, 20.40809
0.61050, 0.61050, 21.69651
0.68502, 0.68502, 22.14935
0.37511, 0.37511, 14.95608
0.24503, 0.24503, 15.36366
0.56187, 0.56187, 21.96629
0.67857, 0.67857, 14.35320
0.06707, 0.06707, 16.60144
0.78320, 0.78320, 20.66302
0.02776, 0.02776, 14.85402
0.28252, 0.28252, 16.89641
0.97170, 0.97170, 20.09953
0.36701, 0.36701, 15.13493
0.76908, 0.76908, 19.09951
0.25058, 0.25058, 17.53681
0.48066, 0.48066, 17.20658
0.91329, 0.91329, 21.64737
0.86430, 0.86430, 19.15899
0.68490, 0.68490, 19.90315
0.20829, 0.20829, 13.02319
0.78869, 0.78869, 16.34231
0.54670, 0.54670, 20.32242
0.84479, 0.84479, 16.35262
0.46636, 0.46636, 21.21937
0.89479, 0.89479, 20.29236
0.23754, 0.23754, 20.13451
0.33030, 0.33030, 15.60189
0.57251, 0.57251, 21.85650
0.89215, 0.89215, 19.97695
0.59700, 0.59700, 17.04779
0.69497, 0.69497, 19.79308
0.55722, 0.55722, 19.46395
0.94678, 0.94678, 19.06239
0.63452, 0.63452, 16.72804
0.42604, 0.42604, 19.78733
0.00594, 0.00594, 17.67281
0.76054, 0.76054, 20.07874
0.34574, 0.34574, 14.46825
0.12247, 0.12247, 20.66372
0.55532, 0.55532, 20.55277
0.12474, 0.12474, 13.80621
0.25482, 0.25482, 20.33724
0.61293, 0.61293, 22.73550
0.24012, 0.24012, 16.64006
0.26790, 0.26790, 17.21154
0.64444, 0.64444, 21.59836
0.29809, 0.29809, 16.31575
0.11309, 0.11309, 20.40412
0.10849, 0.10849, 17.21846
0.37786, 0.37786, 16.78013
0.71322, 0.71322, 14.73982
0.00803, 0.00803, 14.83830
0.59677, 0.59677, 15.99978
0.93415, 0.93415, 23.27389
0.52739, 0.52739, 19.49868
0.19264, 0.19264, 17.85388
0.14879, 0.14879, 17.30660
0.21971, 0.21971, 21.53629
0.81188, 0.81188, 14.05350
0.72378, 0.72378, 22.10594
0.59887, 0.59887, 22.19372
0.35918, 0.35918, 17.02904
0.90792, 0.90792, 19.07108
0.49294, 0.49294, 19.96139
0.98248, 0.98248, 21.45742
0.99694, 0.99694, 20.17761
0.13853, 0.13853, 16.09405
0.66336, 0.66336, 23.86163
0.49166, 0.49166, 21.66099
0.78523, 0.78523, 19.98752
0.49223, 0.49223, 20.03154
0.29415, 0.29415, 12.75267
0.68079, 0.68079, 19.95056
0.08986, 0.08986, 15.49501
0.45055, 0.45055, 17.11939
0.93899, 0.93899, 22.37039
0.93512, 0.93512, 21.59194
0.65596, 0.65596, 19.72448
0.36096, 0.36096, 22.38565
0.39420, 0.39420, 13.03659
0.24645, 0.24645, 21.25910
0.28413, 0.28413, 22.02975
0.31146, 0.31146, 21.94131
0.13803, 0.13803, 17.83418
0.45662, 0.45662, 21.72011
0.07532, 0.07532, 15.70452
0.74356, 0.74356, 19.46558
0.99250, 0.99250, 21.48105
0.09732, 0.09732, 14.00674
0.18541, 0.18541, 17.23202
0.55781, 0.55781, 14.24015
0.04011, 0.04011, 16.72652
0.47309, 0.47309, 23.40905
0.82122, 0.82122, 15.65826
0.39139, 0.39139, 14.95056
0.27475, 0.27475, 20.48668
0.58358, 0.58358, 26.09016
0.84724, 0.84724, 13.83481
0.83600, 0.83600, 16.21272
0.62257, 0.62257, 19.63271
0.35860, 0.35860, 19.94174
0.55858, 0.55858, 19.80578
0.64487, 0.64487, 21.79886
0.09770, 0.09770, 17.90574
0.05252, 0.05252, 17.70646
0.37308, 0.37308, 19.83278
0.83290, 0.83290, 19.03016
0.88145, 0.88145, 15.97996
0.87495, 0.87495, 20.12790
0.65850, 0.65850, 19.97129
0.64351, 0.64351, 16.96135
0.35940, 0.35940, 20.36798
0.99406, 0.99406, 18.74676
0.79189, 0.79189, 19.26497
0.85145, 0.85145, 20.75598
0.70499, 0.70499, 21.23544
0.28785, 0.28785, 17.09606
0.31659, 0.31659, 15.62103
0.67776, 0.67776, 15.00749
0.58651, 0.58651, 19.51703
0.12812, 0.12812, 15.92435
0.17629, 0.17629, 23.19629
0.83166, 0.83166, 21.41565
0.61449, 0.61449, 19.71409
0.98972, 0.98972, 18.62674
0.70915, 0.70915, 16.70093
0.72404, 0.72404, 21.45187
0.95847, 0.95847, 19.53819
0.35151, 0.35151, 17.23259
0.12470, 0.12470, 23.31868
0.49262, 0.49262, 20.86386
0.96391, 0.96391, 19.49626
0.63380, 0.63380, 22.00791
0.02421, 0.02421, 16.84138
0.54644, 0.54644, 14.65818
0.46444, 0.46444, 20.31312
0.28285, 0.28285, 17.01318
0.12910, 0.12910, 21.70950
0.58034, 0.58034, 22.93273
0.03672, 0.03672, 21.92484
0.08632, 0.08632, 15.94495
0.73913, 0.73913, 21.79996
0.27566, 0.27566, 22.08737
0.13076, 0.13076, 15.39322
0.45812, 0.45812, 16.20773
0.49803, 0.49803, 22.69948
0.17792, 0.17792, 17.25242
0.52942, 0.52942, 20.92336
0.77008, 0.77008, 19.98899
0.38667, 0.38667, 13.72558
0.87125, 0.87125, 19.94930
0.79637, 0.79637, 14.34577
0.14835, 0.14835, 22.71919
0.65403, 0.65403, 14.70635
0.13889, 0.13889, 14.62775
0.63052, 0.63052, 16.10789
0.32119, 0.32119, 20.37022
0.32975, 0.32975, 17.58116
0.25085, 0.25085, 21.26330
0.56637, 0.56637, 16.52741
0.11048, 0.11048, 24.51353
0.65051, 0.65051, 20.86702
0.45151, 0.45151, 20.76593
0.22035, 0.22035, 15.54827
0.01557, 0.01557, 17.36199
0.15107, 0.15107, 15.71822
0.32490, 0.32490, 16.72800
0.94935, 0.94935, 19.39202
0.68245, 0.68245, 19.78519
0.94824, 0.94824, 19.99345
0.67357, 0.67357, 21.66574
0.13672, 0.13672, 17.39037
0.95153, 0.95153, 21.97939
0.90579, 0.90579, 12.55627
0.67923, 0.67923, 20.50843
0.02304, 0.02304, 17.77619
0.90275, 0.90275, 19.45397
0.35798, 0.35798, 15.55047
0.90896, 0.90896, 15.50237
0.98822, 0.98822, 18.94689
0.99464, 0.99464, 20.70477
0.75688, 0.75688, 16.42937
0.24617, 0.24617, 15.86588
0.74808, 0.74808, 16.39759
0.41345, 0.41345, 15.41582
0.87882, 0.87882, 15.24984
0.81135, 0.81135, 19.83600
0.66536, 0.66536, 14.58365
0.68804, 0.68804, 20.19466
0.39009, 0.39009, 13.75275
0.82189, 0.82189, 20.25340
0.66660, 0.66660, 20.50487
0.67499, 0.67499, 19.32028
0.73669, 0.73669, 20.32618
0.21310, 0.21310, 15.93558
0.97668, 0.97668, 19.82133
0.99997, 0.99997, 20.05972
0.02398, 0.02398, 11.71268
0.44931, 0.44931, 14.20651
0.18012, 0.18012, 17.85944
0.89914, 0.89914, 19.77901
0.92139, 0.92139, 19.77074
0.25723, 0.25723, 13.51916
0.59176, 0.59176, 15.39193
0.71301, 0.71301, 19.37200
0.48953, 0.48953, 20.81021
0.86282, 0.86282, 20.82604
0.30536, 0.30536, 15.20364
0.08815, 0.08815, 17.55571
0.88802, 0.88802, 19.15964
0.91008, 0.91008, 15.23190
0.45685, 0.45685, 21.81762
0.33921, 0.33921, 20.81120
0.23326, 0.23326, 17.71897
0.52996, 0.52996, 14.28018
0.45022, 0.45022, 19.84791
0.76348, 0.76348, 20.58667
0.86422, 0.86422, 19.82075
0.69841, 0.69841, 19.31121
0.79259, 0.79259, 20.50883
0.01601, 0.01601, 16.89894
0.77890, 0.77890, 19.24513
0.53233, 0.53233, 19.47587
0.63860, 0.63860, 14.38653

 Final Population: 
0.00748, 0.00748, 6.07078
0.00748, 0.00748, 6.07078
0.00748, 0.00748, 6.07078
0.00748, 0.00748, 6.07078
0.00748, 0.00748, 6.07078
0.00748, 0.00748, 6.07078
0.00748, 0.00748, 6.07078
0.00748, 0.00748, 6.07078
0.00748, 0.00748, 6.07078
0.00748, 0.00748, 6.07078
0.00748, 0.00748, 6.07078
0.00748, 0.00748, 6.07078
0.00748, 0.00748, 6.07078
0.00748, 0.00748, 6.07078
0.00748, 0.00748, 6.07078
0.00748, 0.00748, 6.07078
0.00748, 0.00748, 6.07078
0.00748, 0.00748, 6.07078
0.00748, 0.00748, 6.07078
0.00748, 0.00748, 6.07078
0.00748, 0.00748, 6.07078
0.00748, 0.00748, 6.07078
0.00748, 0.00748, 6.07078
0.00748, 0.00748, 6.07078
0.00748, 0.00748, 6.07078
0.00748, 0.00748, 6.07078
0.00748, 0.00748, 6.07078
0.00748, 0.00748, 6.07078
0.00748, 0.00748, 6.07078
0.00748, 0.00748, 6.07078
0.00748, 0.00748, 6.07078
0.00748, 0.00748, 6.07078
0.00748, 0.00748, 6.07078
0.00748, 0.00748, 6.07078
0.00748, 0.00748, 6.07078
0.00748, 0.00748, 6.07078
0.00748, 0.00748, 6.07078
0.00748, 0.00748, 6.07078
0.00748, 0.00748, 6.07078
0.00748, 0.00748, 6.07078
0.00748, 0.00748, 6.07078
0.00748, 0.00748, 6.07078
0.00748, 0.00748, 6.07078
0.00748, 0.00748, 6.07078
0.00748, 0.00748, 6.07078
0.00748, 0.00748, 6.07078
0.00748, 0.00748, 6.07078
0.00748, 0.00748, 6.07078
0.00748, 0.00748, 6.07078
0.00748, 0.00748, 6.07078
0.00748, 0.00748, 6.07078
0.00748, 0.00748, 6.07078
0.00748, 0.00748, 6.07078
0.00748, 0.00748, 6.07078
0.00748, 0.00748, 6.07078
0.00748, 0.00748, 6.07078
0.00748, 0.00748, 6.07078
0.00748, 0.00748, 6.07078
0.00748, 0.00748, 6.07078
0.00748, 0.00748, 6.07078
0.00748, 0.00748, 6.07078
0.00748, 0.00748, 6.07078
0.00748, 0.00748, 6.07078
0.00748, 0.00748, 6.07078
0.00748, 0.00748, 6.07078
0.00748, 0.00748, 6.07078
0.00748, 0.00748, 6.07078
0.00748, 0.00748, 6.07078
0.00748, 0.00748, 6.07078
0.00748, 0.00748, 6.07078
0.00748, 0.00748, 6.07078
0.00748, 0.00748, 6.07078
0.00748, 0.00748, 6.07078
0.00748, 0.00748, 6.07078
0.00748, 0.00748, 6.07078
0.00748, 0.00748, 6.07078
0.00748, 0.00748, 6.07078
0.00748, 0.00748, 6.07078
0.00748, 0.00748, 6.07078
0.00748, 0.00748, 6.07078
0.00748, 0.00748, 6.07078
0.00748, 0.00748, 6.07078
0.00748, 0.00748, 6.07078
0.00748, 0.00748, 6.07078
0.00748, 0.00748, 6.07078
0.00748, 0.00748, 6.07078
0.00748, 0.00748, 6.07078
0.00748, 0.00748, 6.07078
0.00748, 0.00748, 6.07078
0.00748, 0.00748, 6.07078
0.00748, 0.00748, 6.07078
0.00748, 0.00748, 6.07078
0.00748, 0.00748, 6.07078
0.00748, 0.00748, 6.07078
0.00748, 0.00748, 6.07078
0.00748, 0.00748, 6.07078
0.00748, 0.00748, 6.07078
0.00748, 0.00748, 6.07078
0.00748, 0.00748, 6.07078
0.00748, 0.00748, 6.07078
0.00748, 0.00748, 6.07078
0.00748, 0.00748, 6.07078
0.00748, 0.00748, 6.07078
0.00748, 0.00748, 6.07078
0.00748, 0.00748, 6.07078
0.00748, 0.00748, 6.07078
0.00748, 0.00748, 6.07078
0.00748, 0.00748, 6.07078
0.00748, 0.00748, 6.07078
0.00748, 0.00748, 6.07078
0.00748, 0.00748, 6.07078
0.00748, 0.00748, 6.07078
0.00748, 0.00748, 6.07078
0.00748, 0.00748, 6.07078
0.00748, 0.00748, 6.07078
0.00748, 0.00748, 6.07078
0.00748, 0.00748, 6.07078
0.00748, 0.00748, 6.07078
0.00748, 0.00748, 6.07078
0.00748, 0.00748, 6.07078
0.00748, 0.00748, 6.07078
0.00748, 0.00748, 6.07078
0.00748, 0.00748, 6.07078
0.00748, 0.00748, 6.07078
0.00748, 0.00748, 6.07078
0.00748, 0.00748, 6.07078
0.00748, 0.00748, 6.07078
0.00748, 0.00748, 6.07078
0.00748, 0.00748, 6.07078
0.00748, 0.00748, 6.07078
0.00748, 0.00748, 6.07078
0.00748, 0.00748, 6.07078
0.00748, 0.00748, 6.07078
0.00748, 0.00748, 6.07078
0.00748, 0.00748, 6.07078
0.00748, 0.00748, 6.07078
0.00748, 0.00748, 6.07078
0.00748, 0.00748, 6.07078
0.00748, 0.00748, 6.07078
0.00748, 0.00748, 6.07078
0.00748, 0.00748, 6.07078
0.00748, 0.00748, 6.07078
0.00748, 0.00748, 6.07078
0.00748, 0.00748, 6.07078
0.00748, 0.00748, 6.07078
0.00748, 0.00748, 6.07078
0.00748, 0.00748, 6.07078
0.00748, 0.00748, 6.07078
0.00748, 0.00748, 6.07078
0.00748, 0.00748, 6.07078
0.00748, 0.00748, 6.07078
0.00748, 0.00748, 6.07078
0.00748, 0.00748, 6.07078
0.00748, 0.00748, 6.07078
0.00748, 0.00748, 6.07078
0.00748, 0.00748, 6.07078
0.00748, 0.00748, 6.07078
0.00748, 0.00748, 6.07078
0.00748, 0.00748, 6.07078
0.00748, 0.00748, 6.07078
0.00748, 0.00748, 6.07078
0.00748, 0.00748, 6.07078
0.00748, 0.00748, 6.07078
0.00748, 0.00748, 6.07078
0.00748, 0.00748, 6.07078
0.58358, 0.58358, 26.04022
0.58358, 0.58358, 26.04022
0.58358, 0.58358, 26.04022
0.58358, 0.58358, 26.04022
0.58358, 0.58358, 26.04022
0.58358, 0.58358, 26.04022
0.58358, 0.58358, 26.04022
0.58358, 0.58358, 26.04022
0.58358, 0.58358, 26.04022
0.58358, 0.58358, 26.04022
0.58358, 0.58358, 26.04022
0.58358, 0.58358, 26.04022
0.58358, 0.58358, 26.04022
0.58358, 0.58358, 26.04022
0.58358, 0.58358, 26.04022
0.58358, 0.58358, 26.04022
0.58358, 0.58358, 26.04022
0.58358, 0.58358, 26.04022
0.58358, 0.58358, 26.04022
0.58358, 0.58358, 26.04022
0.58358, 0.58358, 26.04022
0.58358, 0.58358, 26.04022
0.58358, 0.58358, 26.04022
0.58358, 0.58358, 26.04022
0.58358, 0.58358, 26.04022
0.58358, 0.58358, 26.04022
0.58358, 0.58358, 26.04022
0.58358, 0.58358, 26.04022
0.58358, 0.58358, 26.04022
0.58358, 0.58358, 26.04022
0.58358, 0.58358, 26.04022
0.58358, 0.58358, 26.04022
0.58358, 0.58358, 26.04022
0.58358, 0.58358, 26.04022
0.58358, 0.58358, 26.04022
0.58358, 0.58358, 26.04022
0.58358, 0.58358, 26.04022
0.58358, 0.58358, 26.04022
0.58358, 0.58358, 26.04022
0.58358, 0.58358, 26.04022
0.58358, 0.58358, 26.04022
0.58358, 0.58358, 26.04022
0.58358, 0.58358, 26.04022
0.58358, 0.58358, 26.04022
0.58358, 0.58358, 26.04022
0.58358, 0.58358, 26.04022
0.58358, 0.58358, 26.04022
0.58358, 0.58358, 26.04022
0.58358, 0.58358, 26.04022
0.58358, 0.58358, 26.04022
0.58358, 0.58358, 26.04022
0.58358, 0.58358, 26.04022
0.58358, 0.58358, 26.04022
0.58358, 0.58358, 26.04022
0.58358, 0.58358, 26.04022
0.58358, 0.58358, 26.04022
0.58358, 0.58358, 26.04022
0.58358, 0.58358, 26.04022
0.58358, 0.58358, 26.04022
0.58358, 0.58358, 26.04022
0.58358, 0.58358, 26.04022
0.58358, 0.58358, 26.04022
0.58358, 0.58358, 26.04022
0.58358, 0.58358, 26.04022
0.58358, 0.58358, 26.04022
0.58358, 0.58358, 26.04022
0.58358, 0.58358, 26.04022
0.58358, 0.58358, 26.04022
0.58358, 0.58358, 26.04022
0.58358, 0.58358, 26.04022
0.58358, 0.58358, 26.04022
0.58358, 0.58358, 26.04022
0.58358, 0.58358, 26.04022
0.58358, 0.58358, 26.04022
0.58358, 0.58358, 26.04022
0.58358, 0.58358, 26.04022
0.58358, 0.58358, 26.04022
0.58358, 0.58358, 26.04022
0.58358, 0.58358, 26.04022
0.96882, 0.96882, 25.28273
0.58358, 0.58358, 26.05797
0.58358, 0.58358, 26.09016
0.58358, 0.58358, 20.87494
0.58358, 0.58358, 24.05478
0.00748, 0.00748, 16.74356
0.58358, 0.58358, 16.70898
0.58358, 0.58358, 19.28259
0.00748, 0.00748, 24.64863
0.58358, 0.58358, 15.36745
0.00748, 0.00748, 15.62767
0.58358, 0.58358, 26.01419
0.00748, 0.00748, 10.88250
0.58358, 0.58358, 21.22850
0.00748, 0.00748, 8.60921
0.58358, 0.58358, 15.66900
0.00748, 0.00748, 19.37087
0.58358, 0.58358, 8.81599
0.58358, 0.58358, 17.05330
0.00748, 0.00748, 21.05078
0.58358, 0.58358, 7.46238
0.58358, 0.58358, 7.46238
0.00748, 0.00748, 24.64863
0.58358, 0.58358, 16.48333
0.00748, 0.00748, 8.60921
0.21184, 0.21184, 12.00118
0.00748, 0.00748, 9.26413
0.00748, 0.00748, 23.29502
0.00748, 0.00748, 23.29502
0.00748, 0.00748, 24.64863
0.58358, 0.58358, 23.50180
0.00748, 0.00748, 13.28918
0.58358, 0.58358, 21.22850
0.00748, 0.00748, 15.62767
0.58358, 0.58358, 23.50180
0.58358, 0.58358, 23.26328
0.00748, 0.00748, 10.88250
0.58358, 0.58358, 11.06023
0.58358, 0.58358, 8.81599
0.00748, 0.00748, 19.40520
0.00748, 0.00748, 23.10701
0.52398, 0.52398, 10.06029
0.57559, 0.57559, 19.33165
0.58358, 0.58358, 12.74014
0.00748, 0.00748, 16.74356
0.00748, 0.00748, 15.62767
0.16888, 0.16888, 6.18682
0.00748, 0.00748, 8.60921
0.00748, 0.00748, 21.05078
0.58358, 0.58358, 12.74014
0.00748, 0.00748, 16.74356
0.58358, 0.58358, 12.98010
0.58358, 0.58358, 11.85442
0.00748, 0.00748, 15.62767
0.00748, 0.00748, 10.88250
0.00748, 0.00748, 15.62767
0.58358, 0.58358, 23.50180
0.58358, 0.58358, 12.74014
0.58358, 0.58358, 21.22850
0.00748, 0.00748, 15.62767
0.00748, 0.00748, 10.88250
0.00748, 0.00748, 8.60921
0.00748, 0.00748, 10.88250
0.58358, 0.58358, 24.37922
0.00748, 0.00748, 10.88250
0.58358, 0.58358, 16.02233
0.00748, 0.00748, 16.74356
0.00748, 0.00748, 12.95718
0.00748, 0.00748, 12.58920
0.96882, 0.96882, 7.42498
0.58358, 0.58358, 11.06023
0.00748, 0.00748, 23.29502
0.00748, 0.00748, 8.60921
0.00748, 0.00748, 8.60921
0.00748, 0.00748, 24.64863
0.00748, 0.00748, 15.11488
0.58358, 0.58358, 19.72921
0.00748, 0.00748, 12.95718
0.00748, 0.00748, 24.64863
0.58358, 0.58358, 12.74014
0.00748, 0.00748, 6.07078
0.00748, 0.00748, 12.95718
0.00748, 0.00748, 24.64863
0.58358, 0.58358, 23.31392
0.58358, 0.58358, 19.15382
0.00748, 0.00748, 19.37087
0.74808, 0.74808, 8.91902
0.58358, 0.58358, 15.36745
0.00748, 0.00748, 12.95718
0.58358, 0.58358, 7.46238
0.58358, 0.58358, 13.54193
0.58358, 0.58358, 24.65302
0.00748, 0.00748, 6.07078
0.58358, 0.58358, 14.01539
0.00748, 0.00748, 16.74356
0.00748, 0.00748, 10.88250
0.58358, 0.58358, 21.22850
0.58358, 0.58358, 11.06023
0.58358, 0.58358, 15.36745
0.58358, 0.58358, 24.43433
0.00748, 0.00748, 21.05078
0.58358, 0.58358, 11.06023
0.58358, 0.58358, 15.37107
0.00748, 0.00748, 15.35396
0.00748, 0.00748, 12.95718
0.58358, 0.58358, 12.74014
0.00748, 0.00748, 12.95718
0.58358, 0.58358, 23.99622
0.00748, 0.00748, 21.05078
0.00748, 0.00748, 12.95718
0.58358, 0.58358, 15.36745
0.58358, 0.58358, 23.50180
0.00748, 0.00748, 19.70458
0.58358, 0.58358, 24.28523
0.58358, 0.58358, 11.06023
0.00748, 0.00748, 19.37087
0.58358, 0.58358, 12.74014
0.58358, 0.58358, 7.46238
0.58358, 0.58358, 11.06023
0.58358, 0.58358, 12.74014
0.00748, 0.00748, 12.47039
0.00748, 0.00748, 15.62767
0.00748, 0.00748, 12.95718
0.00748, 0.00748, 8.60921
0.99089, 0.99089, 24.75582
0.00748, 0.00748, 6.07078
0.00748, 0.00748, 13.71016
0.58358, 0.58358, 7.46238
0.00748, 0.00748, 19.37087
0.58358, 0.58358, 11.06023
0.58358, 0.58358, 16.48333
0.00748, 0.00748, 21.05078
0.58358, 0.58358, 16.48333
0.58358, 0.58358, 9.53398
0.00748, 0.00748, 8.60921
0.58358, 0.58358, 11.06023
0.00748, 0.00748, 10.85032
0.58358, 0.58358, 11.06023
0.58358, 0.58358, 25.51068
0.00748, 0.00748, 15.62767
0.00748, 0.00748, 19.37933
0.58358, 0.58358, 16.48333
0.58358, 0.58358, 11.06023
0.58358, 0.58358, 7.46238
0.58358, 0.58358, 23.50180
0.00748, 0.00748, 17.38541
0.58358, 0.58358, 11.06023
0.00748, 0.00748, 12.95718
0.58358, 0.58358, 21.22850
0.00748, 0.00748, 24.64863
0.58358, 0.58358, 8.81599
0.00748, 0.00748, 24.64863
0.00748, 0.00748, 21.05078
0.45796, 0.45796, 24.00617
0.58358, 0.58358, 15.36745
0.00748, 0.00748, 16.74356
0.00748, 0.00748, 19.90380
0.58358, 0.58358, 24.77983
0.00748, 0.00748, 10.88250
0.58358, 0.58358, 9.48690
0.00748, 0.00748, 15.62767
0.19445, 0.19445, 13.66398
0.58358, 0.58358, 19.15382
0.58358, 0.58358, 23.50180
0.00748, 0.00748, 13.25692
0.21661, 0.21661, 9.74283
0.00748, 0.00748, 24.32215
0.00748, 0.00748, 8.60921
0.00748, 0.00748, 12.95718
0.58358, 0.58358, 21.23051
0.00748, 0.00748, 16.74356
0.00748, 0.00748, 24.64863
0.00748, 0.00748, 21.05078
0.00748, 0.00748, 19.37087
0.00748, 0.00748, 12.95718
0.00748, 0.00748, 8.60921
0.58358, 0.58358, 11.06023
0.58358, 0.58358, 18.30781
0.00748, 0.00748, 15.67761
0.58358, 0.58358, 21.22850
0.00748, 0.00748, 23.29502
0.58358, 0.58358, 15.36745
0.58358, 0.58358, 15.36745
0.58358, 0.58358, 21.22850
0.00748, 0.00748, 12.95718
0.00748, 0.00748, 10.88250
0.58358, 0.58358, 24.65564
0.00748, 0.00748, 16.74356
0.00748, 0.00748, 24.64863
0.00748, 0.00748, 10.88250
0.58358, 0.58358, 8.81599
0.58358, 0.58358, 21.22850
0.00748, 0.00748, 9.48819
0.58358, 0.58358, 20.49249
0.96220, 0.96220, 11.98968
0.58358, 0.58358, 8.81599
0.58358, 0.58358, 11.06023
0.58358, 0.58358, 19.15382
0.58358, 0.58358, 12.74014
0.58358, 0.58358, 23.50180
0.58358, 0.58358, 15.55651
0.00748, 0.00748, 15.62767
0.58358, 0.58358, 19.68629
0.58358, 0.58358, 8.81599
0.00748, 0.00748, 7.25132
0.00748, 0.00748, 12.95718
0.58358, 0.58358, 16.48333
0.58358, 0.58358, 9.71883
0.58358, 0.58358, 15.36745
0.00748, 0.00748, 16.74356
0.00748, 0.00748, 21.05078
0.58358, 0.58358, 8.81599
0.58358, 0.58358, 8.81599
0.00748, 0.00748, 15.46473
0.66865, 0.66865, 8.24830
0.00748, 0.00748, 12.95718
0.00748, 0.00748, 21.05078
0.00748, 0.00748, 6.07078
0.00748, 0.00748, 21.05078
0.00748, 0.00748, 6.07078
0.00748, 0.00748, 16.74356
0.58358, 0.58358, 23.50180
0.00748, 0.00748, 10.24299
0.00748, 0.00748, 19.37087
0.00748, 0.00748, 6.07078
0.00748, 0.00748, 23.29502
0.58358, 0.58358, 11.57989
0.00748, 0.00748, 21.05078
0.00748, 0.00748, 19.37087
0.00748, 0.00748, 19.37087
0.00748, 0.00748, 24.64863
0.58358, 0.58358, 8.81599
0.00748, 0.00748, 8.60921
0.58358, 0.58358, 7.46238
0.00748, 0.00748, 23.29502
0.00748, 0.00748, 6.07078
0.58358, 0.58358, 8.81599
0.00748, 0.00748, 23.29502
0.58358, 0.58358, 23.50180
0.58358, 0.58358, 9.02651
0.58358, 0.58358, 21.22850
0.58358, 0.58358, 23.50180
0.00748, 0.00748, 15.17581
0.58358, 0.58358, 8.81599
0.58358, 0.58358, 16.48333
0.58358, 0.58358, 21.27844
0.58358, 0.58358, 11.06023
0.58358, 0.58358, 7.46238
0.00748, 0.00748, 12.95718
0.58358, 0.58358, 16.48333
0.00748, 0.00748, 15.62767
0.00748, 0.00748, 12.95718
0.95549, 0.95549, 24.38491
0.00748, 0.00748, 24.64863
0.00748, 0.00748, 21.05078
0.00748, 0.00748, 8.60921
divergence_from_baseline:1.75300752713
