
Model: DTLZ_7
Args:
	number of decisions: 40
	number of objectives: 4
Settings: 
{	:candidates 500
 	:era 100
 	:gens 200
 	:lives 1
 	:mutate_prob 0.25
 	:patience 1
 	:retain 0.33
}
 Baseline Population: 
0.35751, 0.35751, 0.35751, 22.08707
0.14814, 0.14814, 0.14814, 22.73909
0.39746, 0.39746, 0.39746, 23.37124
0.06017, 0.06017, 0.06017, 24.30892
0.47743, 0.47743, 0.47743, 25.16920
0.74973, 0.74973, 0.74973, 26.99485
0.39554, 0.39554, 0.39554, 25.90044
0.01210, 0.01210, 0.01210, 27.89362
0.00034, 0.00034, 0.00034, 24.71755
0.93372, 0.93372, 0.93372, 24.48182
0.86248, 0.86248, 0.86248, 21.17190
0.32035, 0.32035, 0.32035, 22.81085
0.73699, 0.73699, 0.73699, 20.64265
0.16395, 0.16395, 0.16395, 24.21981
0.85056, 0.85056, 0.85056, 24.27566
0.30583, 0.30583, 0.30583, 23.45371
0.36892, 0.36892, 0.36892, 22.32977
0.07443, 0.07443, 0.07443, 22.57686
0.20869, 0.20869, 0.20869, 23.83323
0.98124, 0.98124, 0.98124, 24.98122
0.23767, 0.23767, 0.23767, 22.77287
0.38302, 0.38302, 0.38302, 27.11227
0.01920, 0.01920, 0.01920, 28.06490
0.10714, 0.10714, 0.10714, 28.80733
0.55196, 0.55196, 0.55196, 26.12181
0.61052, 0.61052, 0.61052, 24.95089
0.88798, 0.88798, 0.88798, 26.97969
0.56142, 0.56142, 0.56142, 26.57048
0.15016, 0.15016, 0.15016, 23.34268
0.66338, 0.66338, 0.66338, 24.62129
0.49318, 0.49318, 0.49318, 27.08682
0.06861, 0.06861, 0.06861, 24.47789
0.02855, 0.02855, 0.02855, 27.67647
0.78992, 0.78992, 0.78992, 22.52965
0.64634, 0.64634, 0.64634, 24.90352
0.47907, 0.47907, 0.47907, 27.50417
0.60422, 0.60422, 0.60422, 25.30317
0.39146, 0.39146, 0.39146, 27.02074
0.92915, 0.92915, 0.92915, 23.83013
0.15108, 0.15108, 0.15108, 22.93780
0.96270, 0.96270, 0.96270, 27.19505
0.49505, 0.49505, 0.49505, 26.10935
0.14241, 0.14241, 0.14241, 21.40524
0.05629, 0.05629, 0.05629, 24.00252
0.64373, 0.64373, 0.64373, 22.56518
0.22651, 0.22651, 0.22651, 26.45189
0.55661, 0.55661, 0.55661, 26.41148
0.95812, 0.95812, 0.95812, 27.14512
0.18294, 0.18294, 0.18294, 20.32086
0.61288, 0.61288, 0.61288, 25.75686
0.66160, 0.66160, 0.66160, 27.53673
0.04449, 0.04449, 0.04449, 21.90882
0.21396, 0.21396, 0.21396, 23.95425
0.13814, 0.13814, 0.13814, 23.18527
0.26668, 0.26668, 0.26668, 22.62764
0.26608, 0.26608, 0.26608, 24.09240
0.12885, 0.12885, 0.12885, 20.37172
0.49710, 0.49710, 0.49710, 27.63479
0.21852, 0.21852, 0.21852, 24.15603
0.94156, 0.94156, 0.94156, 26.45935
0.15945, 0.15945, 0.15945, 21.35904
0.34410, 0.34410, 0.34410, 22.23092
0.84875, 0.84875, 0.84875, 26.66363
0.20875, 0.20875, 0.20875, 23.01708
0.99088, 0.99088, 0.99088, 26.44255
0.80613, 0.80613, 0.80613, 25.87860
0.61727, 0.61727, 0.61727, 22.76910
0.46237, 0.46237, 0.46237, 22.31708
0.10764, 0.10764, 0.10764, 23.40066
0.60667, 0.60667, 0.60667, 24.72833
0.24644, 0.24644, 0.24644, 22.91881
0.20771, 0.20771, 0.20771, 20.72065
0.72724, 0.72724, 0.72724, 26.04898
0.17445, 0.17445, 0.17445, 26.62462
0.74307, 0.74307, 0.74307, 25.37105
0.98993, 0.98993, 0.98993, 23.78479
0.68557, 0.68557, 0.68557, 27.30574
0.43127, 0.43127, 0.43127, 25.96328
0.18675, 0.18675, 0.18675, 23.96990
0.57402, 0.57402, 0.57402, 22.67897
0.84730, 0.84730, 0.84730, 21.94542
0.61318, 0.61318, 0.61318, 24.77890
0.53858, 0.53858, 0.53858, 25.37271
0.58393, 0.58393, 0.58393, 27.35460
0.33942, 0.33942, 0.33942, 23.15698
0.80796, 0.80796, 0.80796, 24.87796
0.38767, 0.38767, 0.38767, 26.66521
0.57874, 0.57874, 0.57874, 25.88181
0.04133, 0.04133, 0.04133, 21.67279
0.02419, 0.02419, 0.02419, 23.15842
0.91915, 0.91915, 0.91915, 25.07528
0.41129, 0.41129, 0.41129, 25.28939
0.70806, 0.70806, 0.70806, 26.79426
0.02439, 0.02439, 0.02439, 22.96288
0.44335, 0.44335, 0.44335, 25.59555
0.46921, 0.46921, 0.46921, 25.94727
0.40777, 0.40777, 0.40777, 22.51905
0.47359, 0.47359, 0.47359, 27.38055
0.01358, 0.01358, 0.01358, 28.15623
0.28479, 0.28479, 0.28479, 23.61278
0.86864, 0.86864, 0.86864, 21.91583
0.75913, 0.75913, 0.75913, 22.32557
0.82023, 0.82023, 0.82023, 21.92634
0.88327, 0.88327, 0.88327, 21.82868
0.93107, 0.93107, 0.93107, 21.93904
0.35298, 0.35298, 0.35298, 21.18022
0.55065, 0.55065, 0.55065, 25.78630
0.18323, 0.18323, 0.18323, 23.95407
0.54209, 0.54209, 0.54209, 25.82817
0.21634, 0.21634, 0.21634, 21.74831
0.83610, 0.83610, 0.83610, 22.38532
0.44228, 0.44228, 0.44228, 26.04411
0.53782, 0.53782, 0.53782, 25.04502
0.54355, 0.54355, 0.54355, 25.25407
0.53407, 0.53407, 0.53407, 23.04243
0.33197, 0.33197, 0.33197, 22.18793
0.95025, 0.95025, 0.95025, 25.43227
0.40447, 0.40447, 0.40447, 26.48070
0.65674, 0.65674, 0.65674, 27.67762
0.49102, 0.49102, 0.49102, 26.00089
0.30488, 0.30488, 0.30488, 23.65333
0.69550, 0.69550, 0.69550, 25.88222
0.61956, 0.61956, 0.61956, 26.13214
0.14457, 0.14457, 0.14457, 22.16921
0.28476, 0.28476, 0.28476, 27.85041
0.67213, 0.67213, 0.67213, 26.11987
0.26700, 0.26700, 0.26700, 26.98111
0.41125, 0.41125, 0.41125, 26.94181
0.78279, 0.78279, 0.78279, 22.00160
0.59466, 0.59466, 0.59466, 22.10933
0.35508, 0.35508, 0.35508, 21.83637
0.02215, 0.02215, 0.02215, 23.23187
0.63744, 0.63744, 0.63744, 22.72833
0.18570, 0.18570, 0.18570, 27.36421
0.41303, 0.41303, 0.41303, 22.77127
0.66460, 0.66460, 0.66460, 21.50863
0.47200, 0.47200, 0.47200, 22.98674
0.27539, 0.27539, 0.27539, 22.54708
0.97509, 0.97509, 0.97509, 27.58968
0.86696, 0.86696, 0.86696, 21.58905
0.37472, 0.37472, 0.37472, 26.25771
0.95242, 0.95242, 0.95242, 24.90344
0.81206, 0.81206, 0.81206, 24.95417
0.16234, 0.16234, 0.16234, 22.82206
0.48993, 0.48993, 0.48993, 25.49562
0.62067, 0.62067, 0.62067, 26.02964
0.51657, 0.51657, 0.51657, 25.25912
0.74015, 0.74015, 0.74015, 26.71933
0.97799, 0.97799, 0.97799, 24.99190
0.31817, 0.31817, 0.31817, 25.56318
0.08198, 0.08198, 0.08198, 23.64742
0.72200, 0.72200, 0.72200, 21.77118
0.21652, 0.21652, 0.21652, 26.03719
0.12123, 0.12123, 0.12123, 23.76181
0.39071, 0.39071, 0.39071, 26.50164
0.71001, 0.71001, 0.71001, 22.52917
0.27593, 0.27593, 0.27593, 27.27042
0.75586, 0.75586, 0.75586, 22.24741
0.04071, 0.04071, 0.04071, 24.28479
0.79674, 0.79674, 0.79674, 25.84971
0.98436, 0.98436, 0.98436, 23.76395
0.13512, 0.13512, 0.13512, 23.11172
0.64928, 0.64928, 0.64928, 25.35815
0.96124, 0.96124, 0.96124, 23.74478
0.33146, 0.33146, 0.33146, 23.51801
0.51548, 0.51548, 0.51548, 26.58362
0.67791, 0.67791, 0.67791, 25.30488
0.32471, 0.32471, 0.32471, 26.90501
0.56193, 0.56193, 0.56193, 26.39705
0.47280, 0.47280, 0.47280, 27.55790
0.92085, 0.92085, 0.92085, 24.98572
0.80909, 0.80909, 0.80909, 25.29328
0.59592, 0.59592, 0.59592, 27.37347
0.03847, 0.03847, 0.03847, 23.77063
0.16964, 0.16964, 0.16964, 21.74829
0.98229, 0.98229, 0.98229, 25.84031
0.09611, 0.09611, 0.09611, 24.19820
0.76980, 0.76980, 0.76980, 25.37705
0.18886, 0.18886, 0.18886, 21.92395
0.97410, 0.97410, 0.97410, 24.74794
0.49752, 0.49752, 0.49752, 27.13150
0.18909, 0.18909, 0.18909, 23.11824
0.45729, 0.45729, 0.45729, 25.61432
0.97746, 0.97746, 0.97746, 20.62533
0.01687, 0.01687, 0.01687, 24.59660
0.85479, 0.85479, 0.85479, 25.71497
0.99851, 0.99851, 0.99851, 24.19751
0.41667, 0.41667, 0.41667, 23.03887
0.88304, 0.88304, 0.88304, 26.88121
0.72063, 0.72063, 0.72063, 25.58516
0.10376, 0.10376, 0.10376, 21.46846
0.86472, 0.86472, 0.86472, 24.92469
0.51576, 0.51576, 0.51576, 27.43355
0.36698, 0.36698, 0.36698, 21.52748
0.16772, 0.16772, 0.16772, 22.32513
0.58576, 0.58576, 0.58576, 25.36956
0.85813, 0.85813, 0.85813, 25.04865
0.54831, 0.54831, 0.54831, 21.75101
0.99460, 0.99460, 0.99460, 24.19635
0.71601, 0.71601, 0.71601, 22.50612
0.73852, 0.73852, 0.73852, 21.26839
0.20605, 0.20605, 0.20605, 23.84731
0.30182, 0.30182, 0.30182, 23.16802
0.17700, 0.17700, 0.17700, 23.35136
0.15211, 0.15211, 0.15211, 21.65358
0.92297, 0.92297, 0.92297, 24.10197
0.48287, 0.48287, 0.48287, 26.26221
0.86851, 0.86851, 0.86851, 24.03107
0.95513, 0.95513, 0.95513, 24.03816
0.96703, 0.96703, 0.96703, 23.86694
0.02361, 0.02361, 0.02361, 23.75679
0.65271, 0.65271, 0.65271, 21.41338
0.53882, 0.53882, 0.53882, 22.40388
0.06827, 0.06827, 0.06827, 23.79753
0.61673, 0.61673, 0.61673, 26.21880
0.17377, 0.17377, 0.17377, 22.82877
0.07571, 0.07571, 0.07571, 27.99506
0.25401, 0.25401, 0.25401, 22.58541
0.93745, 0.93745, 0.93745, 26.31785
0.15695, 0.15695, 0.15695, 19.95205
0.91790, 0.91790, 0.91790, 26.60318
0.30983, 0.30983, 0.30983, 25.97811
0.59675, 0.59675, 0.59675, 27.40042
0.07441, 0.07441, 0.07441, 27.03547
0.05789, 0.05789, 0.05789, 21.24421
0.13845, 0.13845, 0.13845, 20.60486
0.97414, 0.97414, 0.97414, 23.64102
0.66662, 0.66662, 0.66662, 20.68389
0.25580, 0.25580, 0.25580, 22.11943
0.55279, 0.55279, 0.55279, 26.45390
0.37260, 0.37260, 0.37260, 22.32830
0.97979, 0.97979, 0.97979, 24.69672
0.66344, 0.66344, 0.66344, 25.39926
0.52351, 0.52351, 0.52351, 24.97052
0.13573, 0.13573, 0.13573, 22.77786
0.40030, 0.40030, 0.40030, 23.57687
0.49973, 0.49973, 0.49973, 25.34577
0.51448, 0.51448, 0.51448, 26.22007
0.67273, 0.67273, 0.67273, 27.19000
0.63058, 0.63058, 0.63058, 26.67845
0.50878, 0.50878, 0.50878, 23.39092
0.81912, 0.81912, 0.81912, 24.36070
0.06396, 0.06396, 0.06396, 23.92715
0.44209, 0.44209, 0.44209, 22.57719
0.36734, 0.36734, 0.36734, 27.15736
0.12265, 0.12265, 0.12265, 24.32321
0.67663, 0.67663, 0.67663, 24.92406
0.82572, 0.82572, 0.82572, 19.42504
0.74923, 0.74923, 0.74923, 21.61020
0.24071, 0.24071, 0.24071, 27.04560
0.27240, 0.27240, 0.27240, 26.14445
0.49590, 0.49590, 0.49590, 25.38208
0.61538, 0.61538, 0.61538, 25.50223
0.08449, 0.08449, 0.08449, 23.52455
0.21353, 0.21353, 0.21353, 20.97290
0.74411, 0.74411, 0.74411, 24.34214
0.55724, 0.55724, 0.55724, 22.03591
0.16025, 0.16025, 0.16025, 24.37566
0.80517, 0.80517, 0.80517, 21.57727
0.42148, 0.42148, 0.42148, 25.50461
0.84703, 0.84703, 0.84703, 22.41205
0.50012, 0.50012, 0.50012, 21.59623
0.72358, 0.72358, 0.72358, 22.65948
0.20600, 0.20600, 0.20600, 22.94080
0.54233, 0.54233, 0.54233, 27.23095
0.58669, 0.58669, 0.58669, 22.47016
0.85688, 0.85688, 0.85688, 20.55179
0.67301, 0.67301, 0.67301, 25.00467
0.67904, 0.67904, 0.67904, 25.28405
0.31550, 0.31550, 0.31550, 25.82807
0.18194, 0.18194, 0.18194, 22.44841
0.20961, 0.20961, 0.20961, 19.77236
0.88304, 0.88304, 0.88304, 22.30564
0.26460, 0.26460, 0.26460, 23.54314
0.60765, 0.60765, 0.60765, 26.96277
0.03736, 0.03736, 0.03736, 24.70576
0.53945, 0.53945, 0.53945, 23.06022
0.23472, 0.23472, 0.23472, 23.67828
0.10083, 0.10083, 0.10083, 22.88522
0.09901, 0.09901, 0.09901, 23.80492
0.01333, 0.01333, 0.01333, 22.28137
0.73466, 0.73466, 0.73466, 26.53007
0.66520, 0.66520, 0.66520, 21.54591
0.33575, 0.33575, 0.33575, 23.21284
0.08918, 0.08918, 0.08918, 22.92274
0.54268, 0.54268, 0.54268, 22.46021
0.21787, 0.21787, 0.21787, 27.21277
0.41331, 0.41331, 0.41331, 28.15812
0.22432, 0.22432, 0.22432, 24.15050
0.11394, 0.11394, 0.11394, 22.57750
0.89767, 0.89767, 0.89767, 24.73188
0.16480, 0.16480, 0.16480, 20.81763
0.69800, 0.69800, 0.69800, 25.75403
0.77514, 0.77514, 0.77514, 26.31254
0.72127, 0.72127, 0.72127, 25.30584
0.47205, 0.47205, 0.47205, 26.53676
0.05607, 0.05607, 0.05607, 16.98030
0.34738, 0.34738, 0.34738, 26.58062
0.67856, 0.67856, 0.67856, 29.19895
0.60100, 0.60100, 0.60100, 27.62802
0.59933, 0.59933, 0.59933, 24.94170
0.95853, 0.95853, 0.95853, 21.79723
0.87936, 0.87936, 0.87936, 22.25024
0.88217, 0.88217, 0.88217, 24.92452
0.14726, 0.14726, 0.14726, 23.62959
0.63596, 0.63596, 0.63596, 26.07532
0.97235, 0.97235, 0.97235, 27.31392
0.91873, 0.91873, 0.91873, 28.01541
0.61443, 0.61443, 0.61443, 27.24982
0.72845, 0.72845, 0.72845, 21.42953
0.86497, 0.86497, 0.86497, 24.11335
0.27221, 0.27221, 0.27221, 25.93484
0.10236, 0.10236, 0.10236, 23.09239
0.33805, 0.33805, 0.33805, 22.88087
0.24257, 0.24257, 0.24257, 20.04768
0.18202, 0.18202, 0.18202, 23.09428
0.71627, 0.71627, 0.71627, 26.23441
0.77187, 0.77187, 0.77187, 21.93591
0.43485, 0.43485, 0.43485, 21.74399
0.40580, 0.40580, 0.40580, 25.39053
0.85321, 0.85321, 0.85321, 24.43536
0.23626, 0.23626, 0.23626, 27.02639
0.89067, 0.89067, 0.89067, 21.34979
0.56353, 0.56353, 0.56353, 22.39152
0.53298, 0.53298, 0.53298, 26.61923
0.54473, 0.54473, 0.54473, 26.89943
0.91167, 0.91167, 0.91167, 27.97942
0.52667, 0.52667, 0.52667, 27.28387
0.22156, 0.22156, 0.22156, 23.97126
0.03980, 0.03980, 0.03980, 24.58262
0.84187, 0.84187, 0.84187, 21.37252
0.85566, 0.85566, 0.85566, 24.06656
0.04905, 0.04905, 0.04905, 24.47185
0.61190, 0.61190, 0.61190, 22.72598
0.04299, 0.04299, 0.04299, 26.62971
0.45330, 0.45330, 0.45330, 26.52339
0.75922, 0.75922, 0.75922, 26.06512
0.90136, 0.90136, 0.90136, 26.69647
0.84611, 0.84611, 0.84611, 26.54772
0.27808, 0.27808, 0.27808, 22.45771
0.30033, 0.30033, 0.30033, 23.22320
0.74386, 0.74386, 0.74386, 22.61749
0.70826, 0.70826, 0.70826, 22.75140
0.64031, 0.64031, 0.64031, 27.18768
0.18166, 0.18166, 0.18166, 20.67491
0.84460, 0.84460, 0.84460, 25.68288
0.49931, 0.49931, 0.49931, 22.54702
0.02648, 0.02648, 0.02648, 26.44243
0.03055, 0.03055, 0.03055, 24.13676
0.55790, 0.55790, 0.55790, 28.13982
0.27371, 0.27371, 0.27371, 22.86208
0.55329, 0.55329, 0.55329, 22.40570
0.67020, 0.67020, 0.67020, 26.92417
0.62477, 0.62477, 0.62477, 25.25814
0.47637, 0.47637, 0.47637, 26.51436
0.24637, 0.24637, 0.24637, 27.13666
0.44706, 0.44706, 0.44706, 26.76167
0.19299, 0.19299, 0.19299, 26.07081
0.81539, 0.81539, 0.81539, 24.28745
0.62952, 0.62952, 0.62952, 26.73758
0.08278, 0.08278, 0.08278, 21.77338
0.78246, 0.78246, 0.78246, 25.42195
0.27969, 0.27969, 0.27969, 23.33179
0.00999, 0.00999, 0.00999, 24.16494
0.68011, 0.68011, 0.68011, 24.48344
0.54449, 0.54449, 0.54449, 27.16658
0.76409, 0.76409, 0.76409, 22.60478
0.77378, 0.77378, 0.77378, 22.14466
0.10444, 0.10444, 0.10444, 21.14600
0.89992, 0.89992, 0.89992, 24.01409
0.27758, 0.27758, 0.27758, 23.31598
0.07828, 0.07828, 0.07828, 23.35141
0.22499, 0.22499, 0.22499, 22.90025
0.29351, 0.29351, 0.29351, 23.94263
0.79680, 0.79680, 0.79680, 24.37473
0.37188, 0.37188, 0.37188, 23.00484
0.80848, 0.80848, 0.80848, 25.76892
0.56272, 0.56272, 0.56272, 22.54127
0.56067, 0.56067, 0.56067, 26.46770
0.23660, 0.23660, 0.23660, 22.91936
0.71621, 0.71621, 0.71621, 22.37024
0.92067, 0.92067, 0.92067, 24.17148
0.26922, 0.26922, 0.26922, 23.59849
0.74182, 0.74182, 0.74182, 25.98441
0.97633, 0.97633, 0.97633, 25.50688
0.79911, 0.79911, 0.79911, 24.78564
0.25838, 0.25838, 0.25838, 22.53958
0.52689, 0.52689, 0.52689, 25.95871
0.83801, 0.83801, 0.83801, 24.36816
0.39593, 0.39593, 0.39593, 23.53913
0.38385, 0.38385, 0.38385, 25.57857
0.74342, 0.74342, 0.74342, 22.10607
0.64410, 0.64410, 0.64410, 26.66739
0.06858, 0.06858, 0.06858, 27.13626
0.41382, 0.41382, 0.41382, 21.17006
0.45273, 0.45273, 0.45273, 22.76335
0.91993, 0.91993, 0.91993, 26.14920
0.00193, 0.00193, 0.00193, 22.84049
0.14706, 0.14706, 0.14706, 24.41571
0.15492, 0.15492, 0.15492, 26.34671
0.24299, 0.24299, 0.24299, 20.38535
0.09532, 0.09532, 0.09532, 24.35650
0.26449, 0.26449, 0.26449, 22.19121
0.77824, 0.77824, 0.77824, 25.69190
0.04724, 0.04724, 0.04724, 23.67207
0.08710, 0.08710, 0.08710, 23.44752
0.32031, 0.32031, 0.32031, 22.90919
0.06780, 0.06780, 0.06780, 24.06091
0.21499, 0.21499, 0.21499, 23.06660
0.16554, 0.16554, 0.16554, 22.99145
0.36964, 0.36964, 0.36964, 21.72931
0.60428, 0.60428, 0.60428, 26.17891
0.34130, 0.34130, 0.34130, 23.51849
0.12770, 0.12770, 0.12770, 26.27506
0.03980, 0.03980, 0.03980, 19.76916
0.29771, 0.29771, 0.29771, 25.82652
0.46754, 0.46754, 0.46754, 22.95911
0.87907, 0.87907, 0.87907, 24.49616
0.78545, 0.78545, 0.78545, 25.42360
0.63459, 0.63459, 0.63459, 24.69122
0.13592, 0.13592, 0.13592, 21.80583
0.60293, 0.60293, 0.60293, 24.73874
0.80072, 0.80072, 0.80072, 25.99411
0.30805, 0.30805, 0.30805, 26.34126
0.53014, 0.53014, 0.53014, 22.20362
0.01233, 0.01233, 0.01233, 26.98066
0.65394, 0.65394, 0.65394, 24.59717
0.30964, 0.30964, 0.30964, 25.65847
0.54235, 0.54235, 0.54235, 25.41005
0.47610, 0.47610, 0.47610, 22.08977
0.87238, 0.87238, 0.87238, 20.51535
0.99005, 0.99005, 0.99005, 23.75698
0.44999, 0.44999, 0.44999, 23.25362
0.10304, 0.10304, 0.10304, 23.57856
0.93521, 0.93521, 0.93521, 25.47964
0.46268, 0.46268, 0.46268, 26.94197
0.83367, 0.83367, 0.83367, 22.31642
0.07340, 0.07340, 0.07340, 23.50352
0.54228, 0.54228, 0.54228, 22.41319
0.35672, 0.35672, 0.35672, 27.73684
0.36408, 0.36408, 0.36408, 23.56257
0.60335, 0.60335, 0.60335, 26.26894
0.05925, 0.05925, 0.05925, 24.20320
0.54387, 0.54387, 0.54387, 27.06769
0.55147, 0.55147, 0.55147, 26.12488
0.95973, 0.95973, 0.95973, 25.74444
0.33963, 0.33963, 0.33963, 23.28907
0.56803, 0.56803, 0.56803, 25.02125
0.28534, 0.28534, 0.28534, 23.86488
0.33479, 0.33479, 0.33479, 23.26133
0.10450, 0.10450, 0.10450, 23.19656
0.67004, 0.67004, 0.67004, 25.59329
0.11846, 0.11846, 0.11846, 23.79699
0.54158, 0.54158, 0.54158, 25.82448
0.99514, 0.99514, 0.99514, 26.39516
0.37215, 0.37215, 0.37215, 26.60212
0.68745, 0.68745, 0.68745, 26.84938
0.77199, 0.77199, 0.77199, 21.91816
0.53728, 0.53728, 0.53728, 27.30557
0.29966, 0.29966, 0.29966, 20.29373
0.49253, 0.49253, 0.49253, 25.31188
0.32863, 0.32863, 0.32863, 25.81140
0.99851, 0.99851, 0.99851, 26.22998
0.70216, 0.70216, 0.70216, 20.23595
0.80849, 0.80849, 0.80849, 24.29445
0.90434, 0.90434, 0.90434, 22.23912
0.73225, 0.73225, 0.73225, 28.05850
0.28918, 0.28918, 0.28918, 23.92447
0.67036, 0.67036, 0.67036, 25.60709
0.39977, 0.39977, 0.39977, 25.66238
0.91082, 0.91082, 0.91082, 24.69943
0.63099, 0.63099, 0.63099, 25.54169
0.54239, 0.54239, 0.54239, 25.68155
0.95425, 0.95425, 0.95425, 26.47004
0.65238, 0.65238, 0.65238, 25.14530
0.92507, 0.92507, 0.92507, 21.32077
0.90060, 0.90060, 0.90060, 23.92254
0.77102, 0.77102, 0.77102, 18.97542
0.82241, 0.82241, 0.82241, 25.32510
0.21472, 0.21472, 0.21472, 24.15376
0.57460, 0.57460, 0.57460, 23.13470
0.94691, 0.94691, 0.94691, 20.97518
0.76739, 0.76739, 0.76739, 24.35563
0.35403, 0.35403, 0.35403, 22.28043
0.14089, 0.14089, 0.14089, 26.25128
0.47371, 0.47371, 0.47371, 23.29794
0.25097, 0.25097, 0.25097, 23.36798
0.78500, 0.78500, 0.78500, 25.21437
0.88180, 0.88180, 0.88180, 22.14265
0.02977, 0.02977, 0.02977, 23.37477
0.39006, 0.39006, 0.39006, 23.33930
0.49200, 0.49200, 0.49200, 23.11869
0.79955, 0.79955, 0.79955, 26.09958
0.88436, 0.88436, 0.88436, 22.11524
0.11617, 0.11617, 0.11617, 23.98835
0.49558, 0.49558, 0.49558, 25.21391
0.18732, 0.18732, 0.18732, 21.62583
0.00481, 0.00481, 0.00481, 24.28244
0.70279, 0.70279, 0.70279, 21.45457
0.46997, 0.46997, 0.46997, 25.89234

 Final Population: 
0.05607, 0.05607, 0.05607, 9.21843
0.05607, 0.05607, 0.05607, 9.21843
0.05607, 0.05607, 0.05607, 9.21843
0.05607, 0.05607, 0.05607, 9.21843
0.05607, 0.05607, 0.05607, 9.21843
0.05607, 0.05607, 0.05607, 9.21843
0.05607, 0.05607, 0.05607, 9.21843
0.05607, 0.05607, 0.05607, 9.21843
0.05607, 0.05607, 0.05607, 9.21843
0.05607, 0.05607, 0.05607, 9.21843
0.05607, 0.05607, 0.05607, 9.21843
0.05607, 0.05607, 0.05607, 9.21843
0.05607, 0.05607, 0.05607, 9.21843
0.05607, 0.05607, 0.05607, 9.21843
0.05607, 0.05607, 0.05607, 9.21843
0.05607, 0.05607, 0.05607, 9.21843
0.05607, 0.05607, 0.05607, 9.21843
0.05607, 0.05607, 0.05607, 9.21843
0.05607, 0.05607, 0.05607, 9.21843
0.05607, 0.05607, 0.05607, 9.21843
0.05607, 0.05607, 0.05607, 9.21843
0.05607, 0.05607, 0.05607, 9.21843
0.05607, 0.05607, 0.05607, 9.21843
0.05607, 0.05607, 0.05607, 9.21843
0.05607, 0.05607, 0.05607, 9.21843
0.05607, 0.05607, 0.05607, 9.21843
0.05607, 0.05607, 0.05607, 9.21843
0.05607, 0.05607, 0.05607, 9.21843
0.05607, 0.05607, 0.05607, 9.21843
0.05607, 0.05607, 0.05607, 9.21843
0.05607, 0.05607, 0.05607, 9.21843
0.05607, 0.05607, 0.05607, 9.21843
0.05607, 0.05607, 0.05607, 9.21843
0.05607, 0.05607, 0.05607, 9.21843
0.05607, 0.05607, 0.05607, 9.21843
0.05607, 0.05607, 0.05607, 9.21843
0.05607, 0.05607, 0.05607, 9.21843
0.05607, 0.05607, 0.05607, 9.21843
0.05607, 0.05607, 0.05607, 9.21843
0.05607, 0.05607, 0.05607, 9.21843
0.05607, 0.05607, 0.05607, 9.21843
0.05607, 0.05607, 0.05607, 9.21843
0.05607, 0.05607, 0.05607, 9.21843
0.05607, 0.05607, 0.05607, 9.21843
0.05607, 0.05607, 0.05607, 9.21843
0.05607, 0.05607, 0.05607, 9.21843
0.05607, 0.05607, 0.05607, 9.21843
0.05607, 0.05607, 0.05607, 9.21843
0.05607, 0.05607, 0.05607, 9.21843
0.05607, 0.05607, 0.05607, 9.21843
0.05607, 0.05607, 0.05607, 9.21843
0.05607, 0.05607, 0.05607, 9.21843
0.05607, 0.05607, 0.05607, 9.21843
0.05607, 0.05607, 0.05607, 9.21843
0.05607, 0.05607, 0.05607, 9.21843
0.05607, 0.05607, 0.05607, 9.21843
0.05607, 0.05607, 0.05607, 9.21843
0.05607, 0.05607, 0.05607, 9.21843
0.05607, 0.05607, 0.05607, 9.21843
0.05607, 0.05607, 0.05607, 9.21843
0.05607, 0.05607, 0.05607, 9.21843
0.05607, 0.05607, 0.05607, 9.21843
0.05607, 0.05607, 0.05607, 9.21843
0.05607, 0.05607, 0.05607, 9.21843
0.05607, 0.05607, 0.05607, 9.21843
0.05607, 0.05607, 0.05607, 9.21843
0.05607, 0.05607, 0.05607, 9.21843
0.05607, 0.05607, 0.05607, 9.21843
0.05607, 0.05607, 0.05607, 9.21843
0.05607, 0.05607, 0.05607, 9.21843
0.05607, 0.05607, 0.05607, 9.21843
0.05607, 0.05607, 0.05607, 9.21843
0.05607, 0.05607, 0.05607, 9.21843
0.05607, 0.05607, 0.05607, 9.21843
0.05607, 0.05607, 0.05607, 9.21843
0.05607, 0.05607, 0.05607, 9.21843
0.05607, 0.05607, 0.05607, 9.21843
0.05607, 0.05607, 0.05607, 9.21843
0.05607, 0.05607, 0.05607, 9.21843
0.05607, 0.05607, 0.05607, 9.21843
0.05607, 0.05607, 0.05607, 9.21843
0.05607, 0.05607, 0.05607, 9.21843
0.05607, 0.05607, 0.05607, 9.21843
0.05607, 0.05607, 0.05607, 9.21843
0.05607, 0.05607, 0.05607, 9.21843
0.05607, 0.05607, 0.05607, 9.21843
0.05607, 0.05607, 0.05607, 9.21843
0.05607, 0.05607, 0.05607, 9.21843
0.05607, 0.05607, 0.05607, 9.21843
0.05607, 0.05607, 0.05607, 9.21843
0.05607, 0.05607, 0.05607, 9.21843
0.05607, 0.05607, 0.05607, 9.21843
0.05607, 0.05607, 0.05607, 9.21843
0.05607, 0.05607, 0.05607, 9.21843
0.05607, 0.05607, 0.05607, 9.21843
0.05607, 0.05607, 0.05607, 9.21843
0.05607, 0.05607, 0.05607, 9.21843
0.05607, 0.05607, 0.05607, 9.21843
0.05607, 0.05607, 0.05607, 9.21843
0.05607, 0.05607, 0.05607, 9.21843
0.05607, 0.05607, 0.05607, 9.21843
0.05607, 0.05607, 0.05607, 9.21843
0.05607, 0.05607, 0.05607, 9.21843
0.05607, 0.05607, 0.05607, 9.21843
0.05607, 0.05607, 0.05607, 9.21843
0.05607, 0.05607, 0.05607, 9.21843
0.05607, 0.05607, 0.05607, 9.21843
0.05607, 0.05607, 0.05607, 9.21843
0.05607, 0.05607, 0.05607, 9.21843
0.05607, 0.05607, 0.05607, 9.21843
0.05607, 0.05607, 0.05607, 9.21843
0.05607, 0.05607, 0.05607, 9.21843
0.05607, 0.05607, 0.05607, 9.21843
0.05607, 0.05607, 0.05607, 9.21843
0.05607, 0.05607, 0.05607, 9.21843
0.05607, 0.05607, 0.05607, 9.21843
0.05607, 0.05607, 0.05607, 9.21843
0.05607, 0.05607, 0.05607, 9.21843
0.05607, 0.05607, 0.05607, 9.21843
0.05607, 0.05607, 0.05607, 9.21843
0.05607, 0.05607, 0.05607, 9.21843
0.05607, 0.05607, 0.05607, 9.21843
0.05607, 0.05607, 0.05607, 9.21843
0.05607, 0.05607, 0.05607, 9.21843
0.05607, 0.05607, 0.05607, 9.21843
0.05607, 0.05607, 0.05607, 9.21843
0.05607, 0.05607, 0.05607, 9.21843
0.05607, 0.05607, 0.05607, 9.21843
0.05607, 0.05607, 0.05607, 9.21843
0.05607, 0.05607, 0.05607, 9.21843
0.05607, 0.05607, 0.05607, 9.21843
0.05607, 0.05607, 0.05607, 9.21843
0.05607, 0.05607, 0.05607, 9.21843
0.05607, 0.05607, 0.05607, 9.21843
0.05607, 0.05607, 0.05607, 9.21843
0.05607, 0.05607, 0.05607, 9.21843
0.05607, 0.05607, 0.05607, 9.21843
0.05607, 0.05607, 0.05607, 9.21843
0.05607, 0.05607, 0.05607, 9.21843
0.05607, 0.05607, 0.05607, 9.21843
0.05607, 0.05607, 0.05607, 9.21843
0.05607, 0.05607, 0.05607, 9.21843
0.05607, 0.05607, 0.05607, 9.21843
0.05607, 0.05607, 0.05607, 9.21843
0.05607, 0.05607, 0.05607, 9.21843
0.05607, 0.05607, 0.05607, 9.21843
0.05607, 0.05607, 0.05607, 9.21843
0.05607, 0.05607, 0.05607, 9.21843
0.05607, 0.05607, 0.05607, 9.21843
0.05607, 0.05607, 0.05607, 9.21843
0.05607, 0.05607, 0.05607, 9.21843
0.05607, 0.05607, 0.05607, 9.21843
0.05607, 0.05607, 0.05607, 9.21843
0.05607, 0.05607, 0.05607, 9.21843
0.05607, 0.05607, 0.05607, 9.21843
0.05607, 0.05607, 0.05607, 9.21843
0.05607, 0.05607, 0.05607, 9.21843
0.05607, 0.05607, 0.05607, 9.21843
0.05607, 0.05607, 0.05607, 9.21843
0.05607, 0.05607, 0.05607, 9.21843
0.05607, 0.05607, 0.05607, 9.21843
0.05607, 0.05607, 0.05607, 9.21843
0.05607, 0.05607, 0.05607, 9.21843
0.05607, 0.05607, 0.05607, 9.21843
0.05607, 0.05607, 0.05607, 9.21843
0.91167, 0.91167, 0.91167, 28.49912
0.91167, 0.91167, 0.91167, 28.49912
0.91167, 0.91167, 0.91167, 28.49912
0.91167, 0.91167, 0.91167, 28.49912
0.91167, 0.91167, 0.91167, 28.49912
0.91167, 0.91167, 0.91167, 28.49912
0.91167, 0.91167, 0.91167, 28.49912
0.91167, 0.91167, 0.91167, 28.49912
0.91167, 0.91167, 0.91167, 28.49912
0.91167, 0.91167, 0.91167, 28.49912
0.91167, 0.91167, 0.91167, 28.49912
0.91167, 0.91167, 0.91167, 28.49912
0.91167, 0.91167, 0.91167, 28.49912
0.91167, 0.91167, 0.91167, 28.49912
0.91167, 0.91167, 0.91167, 28.49912
0.91167, 0.91167, 0.91167, 28.49912
0.91167, 0.91167, 0.91167, 28.49912
0.91167, 0.91167, 0.91167, 28.49912
0.91167, 0.91167, 0.91167, 28.49912
0.91167, 0.91167, 0.91167, 28.49912
0.91167, 0.91167, 0.91167, 28.49912
0.91167, 0.91167, 0.91167, 28.49912
0.91167, 0.91167, 0.91167, 28.49912
0.91167, 0.91167, 0.91167, 28.49912
0.91167, 0.91167, 0.91167, 28.49912
0.91167, 0.91167, 0.91167, 28.49912
0.91167, 0.91167, 0.91167, 28.49912
0.91167, 0.91167, 0.91167, 28.49912
0.91167, 0.91167, 0.91167, 28.49912
0.91167, 0.91167, 0.91167, 28.49912
0.91167, 0.91167, 0.91167, 28.49912
0.91167, 0.91167, 0.91167, 28.49912
0.91167, 0.91167, 0.91167, 28.49912
0.91167, 0.91167, 0.91167, 28.49912
0.91167, 0.91167, 0.91167, 28.49912
0.91167, 0.91167, 0.91167, 28.49912
0.91167, 0.91167, 0.91167, 28.49912
0.91167, 0.91167, 0.91167, 28.49912
0.91167, 0.91167, 0.91167, 28.49912
0.91167, 0.91167, 0.91167, 28.49912
0.91167, 0.91167, 0.91167, 28.49912
0.91167, 0.91167, 0.91167, 28.49912
0.91167, 0.91167, 0.91167, 28.49912
0.91167, 0.91167, 0.91167, 28.49912
0.91167, 0.91167, 0.91167, 28.49912
0.91167, 0.91167, 0.91167, 28.49912
0.91167, 0.91167, 0.91167, 28.49912
0.91167, 0.91167, 0.91167, 28.49912
0.91167, 0.91167, 0.91167, 28.49912
0.91167, 0.91167, 0.91167, 28.49912
0.91167, 0.91167, 0.91167, 28.49912
0.91167, 0.91167, 0.91167, 28.49912
0.91167, 0.91167, 0.91167, 28.49912
0.91167, 0.91167, 0.91167, 28.49912
0.91167, 0.91167, 0.91167, 28.49912
0.91167, 0.91167, 0.91167, 28.49912
0.91167, 0.91167, 0.91167, 28.49912
0.91167, 0.91167, 0.91167, 28.49912
0.91167, 0.91167, 0.91167, 28.49912
0.67856, 0.67856, 0.67856, 29.19614
0.67856, 0.67856, 0.67856, 29.19614
0.67856, 0.67856, 0.67856, 29.19614
0.67856, 0.67856, 0.67856, 29.19614
0.67856, 0.67856, 0.67856, 29.19614
0.67856, 0.67856, 0.67856, 29.19614
0.67856, 0.67856, 0.67856, 29.19614
0.67856, 0.67856, 0.67856, 29.19614
0.67856, 0.67856, 0.67856, 29.19614
0.67856, 0.67856, 0.67856, 29.19614
0.67856, 0.67856, 0.67856, 29.19614
0.67856, 0.67856, 0.67856, 29.19614
0.67856, 0.67856, 0.67856, 29.19614
0.67856, 0.67856, 0.67856, 29.19614
0.67856, 0.67856, 0.67856, 29.19614
0.67856, 0.67856, 0.67856, 29.19614
0.67856, 0.67856, 0.67856, 29.19614
0.91167, 0.91167, 0.91167, 28.50192
0.91167, 0.91167, 0.91167, 28.50192
0.91167, 0.91167, 0.91167, 28.50192
0.91167, 0.91167, 0.91167, 28.50192
0.91167, 0.91167, 0.91167, 28.50192
0.67856, 0.67856, 0.67856, 29.19895
0.05607, 0.05607, 0.05607, 26.25211
0.05607, 0.05607, 0.05607, 22.44237
0.91167, 0.91167, 0.91167, 21.62562
0.05607, 0.05607, 0.05607, 25.61434
0.05607, 0.05607, 0.05607, 18.25373
0.91167, 0.91167, 0.91167, 18.93940
0.05607, 0.05607, 0.05607, 23.07879
0.91167, 0.91167, 0.91167, 16.98343
0.91167, 0.91167, 0.91167, 27.70914
0.05607, 0.05607, 0.05607, 11.94987
0.05607, 0.05607, 0.05607, 23.90332
0.91167, 0.91167, 0.91167, 15.88828
0.05607, 0.05607, 0.05607, 15.55160
0.54924, 0.54924, 0.54924, 17.84514
0.05607, 0.05607, 0.05607, 21.24147
0.05607, 0.05607, 0.05607, 17.29758
0.05607, 0.05607, 0.05607, 16.41220
0.05607, 0.05607, 0.05607, 22.44237
0.05607, 0.05607, 0.05607, 17.08562
0.05607, 0.05607, 0.05607, 29.23068
0.91167, 0.91167, 0.91167, 22.73154
0.05607, 0.05607, 0.05607, 29.23068
0.91167, 0.91167, 0.91167, 18.55176
0.91167, 0.91167, 0.91167, 23.10117
0.05607, 0.05607, 0.05607, 18.51453
0.05607, 0.05607, 0.05607, 22.44237
0.91167, 0.91167, 0.91167, 18.93940
0.05607, 0.05607, 0.05607, 29.23068
0.05607, 0.05607, 0.05607, 15.55160
0.05607, 0.05607, 0.05607, 21.24147
0.05607, 0.05607, 0.05607, 15.96781
0.91167, 0.91167, 0.91167, 15.76105
0.91167, 0.91167, 0.91167, 26.57318
0.05607, 0.05607, 0.05607, 21.95650
0.91167, 0.91167, 0.91167, 20.64596
0.35731, 0.35731, 0.35731, 14.87502
0.05607, 0.05607, 0.05607, 25.17756
0.05607, 0.05607, 0.05607, 17.71947
0.91167, 0.91167, 0.91167, 19.46382
0.91167, 0.91167, 0.91167, 27.35618
0.91167, 0.91167, 0.91167, 28.49912
0.05607, 0.05607, 0.05607, 22.44237
0.05607, 0.05607, 0.05607, 29.23068
0.91167, 0.91167, 0.91167, 22.67928
0.05607, 0.05607, 0.05607, 14.33804
0.05607, 0.05607, 0.05607, 23.90332
0.91167, 0.91167, 0.91167, 27.01023
0.91167, 0.91167, 0.91167, 25.76768
0.05607, 0.05607, 0.05607, 18.25373
0.91167, 0.91167, 0.91167, 27.78236
0.05607, 0.05607, 0.05607, 27.92810
0.05607, 0.05607, 0.05607, 26.96243
0.91167, 0.91167, 0.91167, 11.23575
0.67856, 0.67856, 0.67856, 15.97220
0.91167, 0.91167, 0.91167, 21.63143
0.05607, 0.05607, 0.05607, 19.97945
0.57700, 0.57700, 0.57700, 23.00595
0.91167, 0.91167, 0.91167, 19.20302
0.05607, 0.05607, 0.05607, 16.41220
0.67856, 0.67856, 0.67856, 23.42856
0.91167, 0.91167, 0.91167, 13.81423
0.91167, 0.91167, 0.91167, 22.10791
0.91167, 0.91167, 0.91167, 25.23045
0.05607, 0.05607, 0.05607, 12.71809
0.91167, 0.91167, 0.91167, 15.76105
0.12858, 0.12858, 0.12858, 27.14166
0.05607, 0.05607, 0.05607, 24.74963
0.91167, 0.91167, 0.91167, 21.44462
0.91167, 0.91167, 0.91167, 17.89561
0.05607, 0.05607, 0.05607, 21.73501
0.91167, 0.91167, 0.91167, 13.95797
0.91167, 0.91167, 0.91167, 25.77048
0.05607, 0.05607, 0.05607, 11.94987
0.05607, 0.05607, 0.05607, 14.02393
0.05607, 0.05607, 0.05607, 26.92160
0.91167, 0.91167, 0.91167, 27.01023
0.05607, 0.05607, 0.05607, 29.23068
0.91167, 0.91167, 0.91167, 20.61415
0.05607, 0.05607, 0.05607, 25.61434
0.91167, 0.91167, 0.91167, 21.74974
0.91167, 0.91167, 0.91167, 16.22006
0.91167, 0.91167, 0.91167, 20.64596
0.91167, 0.91167, 0.91167, 22.73154
0.91167, 0.91167, 0.91167, 26.57318
0.05607, 0.05607, 0.05607, 11.94987
0.05607, 0.05607, 0.05607, 18.45404
0.05607, 0.05607, 0.05607, 14.98601
0.05607, 0.05607, 0.05607, 13.83662
0.91167, 0.91167, 0.91167, 25.76768
0.91167, 0.91167, 0.91167, 21.11439
0.91167, 0.91167, 0.91167, 27.63377
0.05607, 0.05607, 0.05607, 16.41220
0.91167, 0.91167, 0.91167, 27.78516
0.91167, 0.91167, 0.91167, 22.32005
0.91167, 0.91167, 0.91167, 20.63193
0.66403, 0.66403, 0.66403, 17.06420
0.05607, 0.05607, 0.05607, 23.90332
0.05607, 0.05607, 0.05607, 11.14437
0.67856, 0.67856, 0.67856, 29.19614
0.05607, 0.05607, 0.05607, 25.61434
0.67856, 0.67856, 0.67856, 22.44676
0.91167, 0.91167, 0.91167, 16.47608
0.05607, 0.05607, 0.05607, 25.74609
0.05607, 0.05607, 0.05607, 24.14907
0.91167, 0.91167, 0.91167, 18.55176
0.91167, 0.91167, 0.91167, 22.16595
0.67856, 0.67856, 0.67856, 14.51125
0.67856, 0.67856, 0.67856, 23.37630
0.05607, 0.05607, 0.05607, 18.51453
0.05607, 0.05607, 0.05607, 13.51349
0.91167, 0.91167, 0.91167, 19.51733
0.91167, 0.91167, 0.91167, 24.84122
0.05607, 0.05607, 0.05607, 26.98709
0.91167, 0.91167, 0.91167, 18.55176
0.05607, 0.05607, 0.05607, 17.41855
0.05607, 0.05607, 0.05607, 9.21843
0.67856, 0.67856, 0.67856, 21.34299
0.91167, 0.91167, 0.91167, 23.49505
0.91167, 0.91167, 0.91167, 24.17726
0.05607, 0.05607, 0.05607, 26.96523
0.67856, 0.67856, 0.67856, 20.69510
0.91167, 0.91167, 0.91167, 19.20302
0.05607, 0.05607, 0.05607, 11.14437
0.22314, 0.22314, 0.22314, 12.88887
0.91167, 0.91167, 0.91167, 28.49912
0.05607, 0.05607, 0.05607, 17.10620
0.91167, 0.91167, 0.91167, 10.75512
0.91167, 0.91167, 0.91167, 15.76105
0.91167, 0.91167, 0.91167, 20.64596
0.91167, 0.91167, 0.91167, 11.23575
0.91167, 0.91167, 0.91167, 23.10117
0.05607, 0.05607, 0.05607, 14.98601
0.91167, 0.91167, 0.91167, 25.11693
0.05607, 0.05607, 0.05607, 17.08562
0.91167, 0.91167, 0.91167, 17.73810
0.05607, 0.05607, 0.05607, 25.09933
0.05607, 0.05607, 0.05607, 27.62915
0.67856, 0.67856, 0.67856, 24.23726
0.05607, 0.05607, 0.05607, 18.25373
0.91167, 0.91167, 0.91167, 23.49505
0.05607, 0.05607, 0.05607, 12.57324
0.05607, 0.05607, 0.05607, 18.51453
0.91167, 0.91167, 0.91167, 22.67928
0.05607, 0.05607, 0.05607, 18.88525
0.91167, 0.91167, 0.91167, 10.29588
0.05607, 0.05607, 0.05607, 26.96243
0.91167, 0.91167, 0.91167, 12.62103
0.91167, 0.91167, 0.91167, 23.10117
0.05607, 0.05607, 0.05607, 17.10620
0.05607, 0.05607, 0.05607, 20.73412
0.05607, 0.05607, 0.05607, 16.34240
0.05607, 0.05607, 0.05607, 16.41220
0.67856, 0.67856, 0.67856, 9.10853
0.91167, 0.91167, 0.91167, 20.64596
0.05607, 0.05607, 0.05607, 20.17940
0.91167, 0.91167, 0.91167, 28.44346
0.05607, 0.05607, 0.05607, 20.73412
0.91167, 0.91167, 0.91167, 16.47889
0.91167, 0.91167, 0.91167, 28.49912
0.05607, 0.05607, 0.05607, 18.51453
0.91167, 0.91167, 0.91167, 22.67928
0.05607, 0.05607, 0.05607, 28.79345
0.91167, 0.91167, 0.91167, 12.62103
0.15846, 0.15846, 0.15846, 22.38121
0.91167, 0.91167, 0.91167, 16.22006
0.67856, 0.67856, 0.67856, 22.20105
0.05607, 0.05607, 0.05607, 17.71947
0.67856, 0.67856, 0.67856, 23.42856
0.25618, 0.25618, 0.25618, 23.58463
0.05607, 0.05607, 0.05607, 9.93519
0.91167, 0.91167, 0.91167, 15.27518
0.71634, 0.71634, 0.71634, 27.98431
0.05607, 0.05607, 0.05607, 17.10620
0.91167, 0.91167, 0.91167, 23.49505
0.91167, 0.91167, 0.91167, 19.46382
0.91167, 0.91167, 0.91167, 22.67928
0.91167, 0.91167, 0.91167, 19.46382
0.91167, 0.91167, 0.91167, 15.27518
0.91167, 0.91167, 0.91167, 20.64596
0.05607, 0.05607, 0.05607, 12.98930
0.67856, 0.67856, 0.67856, 18.43512
0.05607, 0.05607, 0.05607, 23.69492
0.91167, 0.91167, 0.91167, 15.76105
0.67856, 0.67856, 0.67856, 11.91508
0.67856, 0.67856, 0.67856, 21.32895
0.05607, 0.05607, 0.05607, 12.57324
0.05607, 0.05607, 0.05607, 15.33217
0.05607, 0.05607, 0.05607, 15.96781
0.05607, 0.05607, 0.05607, 28.79345
0.67856, 0.67856, 0.67856, 10.48647
0.91167, 0.91167, 0.91167, 16.47608
0.05607, 0.05607, 0.05607, 15.03827
0.91167, 0.91167, 0.91167, 19.20302
0.14511, 0.14511, 0.14511, 13.50826
0.05472, 0.05472, 0.05472, 21.36991
0.91167, 0.91167, 0.91167, 25.76768
0.18045, 0.18045, 0.18045, 19.55673
0.05607, 0.05607, 0.05607, 19.16579
0.05607, 0.05607, 0.05607, 20.73412
0.91167, 0.91167, 0.91167, 12.62103
0.67856, 0.67856, 0.67856, 20.69510
0.67856, 0.67856, 0.67856, 25.24245
0.05607, 0.05607, 0.05607, 21.24147
0.91167, 0.91167, 0.91167, 19.99808
0.67856, 0.67856, 0.67856, 13.30014
0.91167, 0.91167, 0.91167, 21.64524
0.05607, 0.05607, 0.05607, 27.42167
0.05607, 0.05607, 0.05607, 21.49749
0.91167, 0.91167, 0.91167, 10.29588
0.67856, 0.67856, 0.67856, 16.45807
0.05607, 0.05607, 0.05607, 16.41220
0.05607, 0.05607, 0.05607, 15.03827
0.05607, 0.05607, 0.05607, 11.94987
0.05607, 0.05607, 0.05607, 27.42167
0.91167, 0.91167, 0.91167, 17.73810
0.05607, 0.05607, 0.05607, 21.24147
0.91167, 0.91167, 0.91167, 27.76340
0.05607, 0.05607, 0.05607, 14.22250
0.91167, 0.91167, 0.91167, 19.46382
0.05607, 0.05607, 0.05607, 21.82927
0.91167, 0.91167, 0.91167, 28.49912
0.05607, 0.05607, 0.05607, 22.26678
0.05607, 0.05607, 0.05607, 19.97945
0.91167, 0.91167, 0.91167, 16.22006
0.05607, 0.05607, 0.05607, 21.49749
0.05607, 0.05607, 0.05607, 24.74683
0.05607, 0.05607, 0.05607, 11.94987
0.91167, 0.91167, 0.91167, 21.58244
0.67856, 0.67856, 0.67856, 22.00238
0.67856, 0.67856, 0.67856, 28.93599
0.05607, 0.05607, 0.05607, 21.49749
0.05607, 0.05607, 0.05607, 22.61424
0.05607, 0.05607, 0.05607, 25.61434
0.05607, 0.05607, 0.05607, 15.03827
0.67741, 0.67741, 0.67741, 28.77139
0.05607, 0.05607, 0.05607, 18.69920
0.91167, 0.91167, 0.91167, 21.30816
0.91167, 0.91167, 0.91167, 20.61135
0.05607, 0.05607, 0.05607, 11.94987
0.05607, 0.05607, 0.05607, 25.17756
0.77497, 0.77497, 0.77497, 13.42855
0.91167, 0.91167, 0.91167, 24.84122
0.67856, 0.67856, 0.67856, 21.32350
0.91167, 0.91167, 0.91167, 15.76105
0.05607, 0.05607, 0.05607, 17.29815
0.05607, 0.05607, 0.05607, 21.95650
0.05607, 0.05607, 0.05607, 15.03827
0.91167, 0.91167, 0.91167, 25.37431
0.05607, 0.05607, 0.05607, 18.51453
0.05607, 0.05607, 0.05607, 15.96781
0.91167, 0.91167, 0.91167, 22.67928
0.05607, 0.05607, 0.05607, 19.16579
0.91167, 0.91167, 0.91167, 16.22006
divergence_from_baseline:3.19608899722
