
Model: DTLZ_1
Args:
	number of decisions: 40
	number of objectives: 2
Settings: 
{	:candidates 500
 	:era 100
 	:gens 200
 	:lives 1
 	:mutate_prob 0.25
 	:patience 1
 	:retain 0.33
}
 Baseline Population: 
526.77230, 1796.42430
1358.07202, 441.77104
1718.41286, 213.65850
398.48359, 1600.39649
1215.87800, 1151.10189
641.92490, 1269.91744
284.51888, 1778.34532
7.82167, 1898.56100
935.29140, 1364.87106
1053.96128, 1279.51476
909.97178, 1345.34204
859.64488, 1554.67464
1604.79291, 362.85487
2084.84642, 347.24569
1575.90032, 323.86636
1857.34410, 487.92188
1690.34303, 700.19459
1046.85778, 1391.98992
152.67890, 1748.84050
1043.59983, 894.73943
1076.40479, 1219.46056
860.14110, 1706.32460
1758.98099, 785.34926
1190.32768, 1220.23782
325.90185, 2054.33269
2061.62630, 289.85137
113.37233, 2013.36809
1728.28056, 605.52400
73.97670, 2013.69418
964.31870, 826.25383
1542.09413, 317.94947
1284.30331, 1064.81780
1665.32671, 646.05658
869.94244, 1667.68738
1141.25926, 867.98497
1100.90227, 947.86808
983.01520, 1334.83768
1558.84762, 921.87711
1329.49849, 573.58076
238.29022, 2248.04504
519.32418, 1908.25574
742.86626, 1528.73780
109.61669, 2030.67753
1446.40316, 953.93355
777.52785, 1559.07717
1089.75160, 401.65443
144.33214, 1862.92578
1690.74001, 630.24059
927.97630, 1144.57644
1036.23433, 1262.66087
420.47858, 1544.70703
593.74426, 1166.66796
2104.59996, 27.92578
1483.54556, 496.85997
748.18333, 1179.23494
366.47572, 1703.27274
938.37544, 1602.67625
187.00439, 1806.52545
1347.87713, 1003.48529
1346.78183, 1135.23658
1847.61554, 129.18704
1459.91654, 560.82558
1431.87588, 438.65538
988.14302, 1372.29569
765.62289, 1424.25703
1851.17755, 639.63321
1252.56550, 575.41537
96.12115, 1822.19883
141.04830, 1892.87174
1978.97910, 53.57178
759.47234, 1187.81108
1910.35546, 190.94021
2242.73867, 276.57794
1774.42429, 238.72574
1532.43249, 408.20458
883.23759, 1556.47559
1158.96469, 1297.79952
1976.68177, 86.49538
608.08650, 1345.05478
850.57105, 916.75711
659.22942, 1546.58278
1020.69436, 955.20136
974.74624, 1025.69515
250.09056, 1617.35751
1560.02286, 161.78853
864.28607, 1513.51188
1066.40867, 1348.79140
1217.30471, 1038.59123
1046.05875, 984.01148
633.90716, 1616.88341
1974.42679, 635.07230
22.17326, 1657.74145
482.62088, 2128.90329
1726.75087, 256.60217
1000.75700, 1644.36945
1309.80246, 451.47012
1081.16527, 946.81526
1028.56791, 896.95479
641.56079, 1778.78611
821.04996, 1580.58530
1599.96264, 851.06058
282.92371, 1802.78316
1600.60302, 681.97519
488.80254, 1762.69169
539.85148, 1727.21739
542.45982, 1728.94969
1175.97918, 818.26850
302.96607, 1758.55719
799.86520, 1183.35890
1335.18475, 565.30827
369.26626, 1949.85693
1062.28820, 1165.61324
596.43298, 1194.19485
2110.56974, 274.17567
171.26787, 1770.38955
1586.28073, 795.98616
1319.91093, 900.37547
1581.51763, 915.71077
199.31037, 1897.54101
1434.33704, 818.68580
1800.44200, 89.25787
534.50551, 1893.37438
1652.40939, 281.85203
1674.25872, 306.21016
1686.96823, 604.90975
1030.02479, 1245.87863
257.60537, 1774.79599
932.47817, 908.80680
1279.42489, 1177.22460
537.96783, 1866.32387
1234.96415, 979.94117
254.96864, 2139.17948
728.83611, 1173.46071
393.08116, 2186.57382
1686.03186, 580.67763
1245.85518, 999.73219
777.29424, 1597.33575
2128.17420, 365.77868
1782.07103, 658.11963
1240.52375, 1527.21488
1856.62215, 456.79541
868.27179, 1066.97297
1593.39443, 1196.93976
1773.68354, 314.98053
2117.69496, 296.92048
882.43511, 1462.58821
1370.53935, 958.10953
837.08227, 1635.95952
1140.33505, 868.68752
696.01864, 1507.52886
32.10499, 1659.73779
593.11506, 1418.01450
542.42497, 1410.34005
445.22882, 1813.37976
1021.40633, 1372.74295
1302.17700, 564.63037
1590.77385, 772.77965
1863.81322, 409.50831
1770.68514, 597.23361
1458.88337, 917.29388
313.03424, 1619.65353
880.60220, 1467.34685
1091.62040, 956.58660
1511.85429, 870.06991
896.72040, 1686.93804
372.94712, 1365.29348
611.55329, 1774.91346
475.07011, 1796.15633
1700.97174, 723.12768
1424.75529, 851.60808
900.54438, 820.81394
687.78512, 1520.88313
1788.29877, 774.22564
567.21532, 1486.24037
669.34665, 1017.11713
50.75721, 2026.64513
942.48611, 702.28802
221.10936, 1828.54019
1725.58412, 570.52364
1510.93441, 871.52231
1221.43675, 1219.64586
1500.79835, 747.55507
532.92501, 1812.49443
1229.06748, 1079.09536
1742.92424, 767.22559
732.97464, 1609.27967
1561.38812, 434.80190
1372.22828, 926.40220
1551.96934, 650.22162
1111.11389, 977.31154
2256.05792, 249.12693
344.19281, 2119.25819
1082.37723, 1339.12619
1761.68454, 143.11140
513.98042, 1727.76860
1974.96541, 48.85666
1387.87212, 1029.41419
1132.61583, 1082.53990
583.56953, 1758.23965
1736.42222, 320.44945
1456.59312, 848.65790
1145.75018, 1238.14179
1280.36974, 965.93024
850.03664, 1197.24474
1322.01080, 1179.15311
1747.76322, 220.51899
1641.43258, 898.68368
1029.07033, 1234.98663
1977.82130, 128.60616
1972.50282, 403.66405
329.71535, 1566.58971
1173.62296, 1041.55007
1774.90718, 274.29053
1742.33083, 137.60840
542.69630, 1812.18256
1130.88988, 760.98106
1789.21498, 253.28499
486.94579, 2101.40123
1135.32300, 1251.31996
1052.75325, 1422.34858
1804.01536, 465.88145
1480.67301, 189.85539
1571.83445, 845.64831
20.55680, 2007.03814
1212.58744, 1294.97982
299.67481, 2207.10992
1159.90365, 1182.36566
1066.87846, 1407.06732
1870.62426, 472.80479
881.48785, 1020.13167
1731.13522, 234.23193
1045.11991, 855.68422
926.76661, 964.32471
664.97366, 1761.11920
909.92125, 1032.24239
93.94194, 1704.06542
1039.48840, 783.01167
1211.94358, 791.71639
277.72264, 2200.39223
215.04773, 1685.29259
1214.02247, 1288.55960
96.82102, 1786.54516
826.90799, 844.56765
291.83975, 2258.89560
1294.17428, 750.58396
665.23645, 1388.33073
729.51743, 1190.88524
1125.21061, 1413.73981
452.96725, 1568.71076
574.10713, 1247.69707
804.82871, 901.45562
1030.03130, 1563.72775
414.49705, 2152.66877
704.79041, 1102.37150
669.25340, 1285.83659
1262.90565, 1056.81991
1268.29955, 1069.65110
153.35800, 1928.75549
923.81941, 865.58615
1994.62223, 11.55723
1522.12408, 314.15408
552.08476, 1487.80449
579.28973, 1666.08343
1041.37834, 861.61011
329.06035, 1572.50319
1967.76139, 372.14923
1649.45302, 285.82683
477.70405, 1834.98500
1236.71692, 343.39888
970.51781, 1094.36060
293.63492, 2173.02896
1022.67983, 1192.77457
2046.79836, 391.36701
1119.06484, 1460.58005
575.66193, 1353.80175
1015.92187, 1441.36653
808.97365, 1072.25051
788.07366, 1497.43218
1665.89675, 919.55188
1064.95787, 906.90918
1818.63783, 179.13377
379.21586, 1693.70772
129.66475, 1693.30941
988.34287, 1258.94377
1668.99843, 900.48449
420.18993, 1914.75022
408.33934, 1460.89604
809.85818, 1054.49549
1470.19561, 177.12268
1813.40246, 557.13156
518.40463, 1503.81652
792.41968, 1627.85037
1625.37044, 588.73938
1784.68115, 577.65877
198.67395, 1815.45848
1449.10878, 788.09041
1563.53940, 220.52677
366.86073, 1355.42446
1777.39563, 642.91120
1398.41509, 487.91897
670.83308, 1098.77985
1270.75461, 769.18722
640.85358, 1582.62476
1603.71418, 711.14975
1674.80261, 34.41493
711.34288, 1650.45843
465.89069, 1504.55320
1551.42025, 801.10687
1077.13997, 1381.27074
1519.98044, 155.04450
1501.31972, 946.50929
1082.06956, 1485.29020
256.32875, 1729.43251
380.54835, 1602.91801
453.18108, 1579.02569
1380.21130, 620.91741
1794.91827, 596.50200
1535.74241, 402.57312
660.60492, 1231.62379
696.92597, 980.70368
1095.61591, 950.57048
913.09255, 1354.11797
2048.59423, 604.61505
1556.60710, 401.89938
1665.56902, 311.46984
855.62272, 1463.33175
1068.51063, 882.27935
401.95708, 1996.54020
7.56287, 2067.62582
1475.29168, 522.51602
1178.52496, 370.59728
822.74654, 1474.77204
1571.83887, 326.22080
1556.24760, 683.72107
385.33764, 1578.43319
2046.75059, 483.05773
1190.71408, 843.32744
817.77350, 1444.52165
406.23792, 2019.76343
984.79354, 1003.65628
1777.47358, 482.53757
1560.06703, 215.82044
580.83638, 1228.21128
1111.41505, 1123.46353
1562.24681, 237.47894
352.92422, 1540.37663
649.94619, 1916.69083
1815.82024, 72.38010
1759.44701, 247.46475
1080.60079, 1207.84101
1951.85651, 13.27101
1421.73279, 467.64819
756.04328, 1131.98380
1605.60042, 795.08442
107.42666, 2014.30443
767.61082, 1163.91714
1789.91585, 50.47077
1666.32758, 723.47156
1156.65680, 763.35161
633.86727, 1678.65463
1048.15624, 1166.66773
222.52944, 2350.99341
1745.41772, 226.02806
97.56735, 1971.07265
1803.41770, 556.46019
1224.88179, 757.23481
1730.42195, 292.77362
1440.66324, 811.19077
1553.87896, 830.91521
2115.18729, 422.26177
1040.91777, 1512.73239
2062.20272, 61.53900
1498.86946, 1174.48347
289.22640, 1690.34702
603.10095, 1736.71248
777.19821, 1589.10702
1308.07415, 1202.45982
1488.19943, 884.00603
494.92948, 1287.09357
164.62221, 1910.15990
388.69344, 2201.69820
1179.87657, 614.14940
1128.59523, 567.60398
722.09842, 1211.29922
544.57791, 1231.56801
2009.31147, 22.45864
1346.37388, 1086.42124
546.09893, 1722.49675
814.81472, 1477.75698
128.90663, 1880.58468
294.76647, 1499.71574
87.65935, 1705.13301
1674.30277, 576.10499
525.05891, 1770.63322
1812.50380, 140.77356
297.28566, 1705.70094
775.08740, 1425.65365
1046.27723, 1169.60946
630.56511, 1355.50352
652.32939, 1576.97248
1396.28726, 584.43652
1581.67493, 1089.13466
1209.23368, 696.17245
1794.08315, 486.74125
684.99477, 1578.64397
1292.93881, 748.53416
321.16894, 2248.88359
481.88067, 2007.36451
1394.87025, 985.28752
1598.87497, 852.04099
1301.50995, 762.84866
1327.85666, 967.79107
1876.38350, 450.64951
264.63839, 1719.31237
743.74517, 1256.70466
1180.20195, 809.13327
883.17191, 1527.03528
1317.97435, 919.86496
1139.75997, 1408.37221
1679.30928, 384.08851
845.39413, 1471.62965
546.46140, 1410.95801
1640.41041, 599.97345
597.64769, 1883.32468
343.07761, 2000.44694
1281.48476, 527.20972
403.59479, 1463.62014
1751.53073, 328.25909
603.31962, 1176.86083
1456.27344, 392.00008
622.36316, 1619.10078
1502.49068, 863.82539
1964.12156, 349.79667
1222.05567, 978.35536
759.94981, 1137.49373
1556.24219, 375.35327
1267.96432, 639.21270
491.42719, 1465.69304
352.27472, 1707.02214
905.94053, 1524.00134
609.55790, 1667.06694
1582.39823, 399.69055
1716.49535, 684.78553
883.57844, 561.76587
300.03092, 2050.56473
1045.40368, 970.16703
1546.94974, 672.04496
1762.81773, 255.97438
1504.01493, 209.14126
1320.23528, 883.06200
862.38978, 1603.76013
1183.68855, 853.98367
856.30709, 988.20636
208.87863, 2251.33127
1512.70855, 293.39027
2174.67745, 364.33206
1330.24481, 874.66214
958.31033, 963.34815
604.63959, 1899.41062
781.35547, 1541.64092
226.81174, 1716.43644
502.29091, 1807.01850
1813.10109, 225.81061
1104.14710, 958.65809
1067.85147, 557.57903
1522.83295, 418.64963
896.01172, 926.15727
1788.93269, 640.38774
278.91436, 1531.55285
1982.70251, 408.95224
1567.38889, 419.94437
1750.29367, 173.34405
284.71140, 1688.66313
973.26781, 1006.87993
1334.54672, 369.76343
1170.45004, 877.80180
1393.51176, 1095.32069
811.29974, 1178.34131
1321.17211, 912.77422
1933.94371, 144.62764
1487.53674, 864.22653
339.59135, 1573.25698
629.16524, 900.87693
920.49380, 1087.82542
1349.44745, 504.63466
1909.91440, 53.92015
1947.97366, 165.95392
1137.81075, 1220.39281
2017.86352, 110.21000
693.36259, 1302.17091
633.92006, 1610.03140
633.50872, 1736.83884
604.52413, 1842.74420
929.35148, 1381.50999
1179.03830, 1045.40877
1275.94947, 746.69381
987.50425, 1064.64284
1569.40879, 640.72488
586.22331, 1747.76795
1859.42298, 30.23878

 Final Population: 
18.51132, 2051.40131
18.75725, 2078.65549
19.13678, 2120.71453
18.57486, 2058.44321
18.57797, 2058.78743
19.62746, 2175.09102
19.64746, 2177.30760
19.88949, 2204.12931
20.11311, 2228.90963
20.15820, 2233.90660
20.29081, 2248.60280
16.67337, 1847.72217
17.15338, 1900.91673
20.52585, 2274.64950
20.73644, 2297.98670
20.74711, 2299.16880
20.91506, 2317.78073
20.91506, 2317.78073
21.00801, 2328.08234
20.85381, 2310.99361
16.04208, 1777.76404
21.04411, 2332.08236
21.11816, 2340.28878
15.98644, 1771.59720
21.11816, 2340.28878
230.63750, 1848.56655
15.92257, 1764.51933
21.17258, 2346.31876
204.15668, 1936.56005
21.18058, 2347.20595
21.40246, 2371.79395
21.24475, 2354.31757
21.21836, 2351.39209
21.43650, 2375.56686
218.10305, 1748.10258
244.07543, 1956.27199
21.51260, 2384.00042
21.57167, 2390.54619
21.82383, 2418.49029
21.91289, 2428.35938
708.60347, 86.33817
21.99896, 2437.89775
22.21799, 2462.17001
739.98854, 90.16222
15.53390, 1721.44816
752.90843, 91.73641
622.79050, 259.88074
22.26026, 2466.85503
22.34138, 2475.84381
782.83159, 95.38233
782.83159, 95.38233
22.37733, 2479.82845
22.39531, 2481.82066
22.67463, 2512.77496
22.84754, 2531.93599
421.14744, 1797.14715
22.42737, 2485.37320
22.76822, 2523.14588
789.78278, 96.22928
22.94044, 2542.23124
23.06831, 2556.40144
799.54552, 97.41880
810.75691, 98.78482
812.64711, 99.01513
23.17145, 2567.83132
845.35919, 103.00086
849.14128, 103.46168
23.17786, 2568.54185
853.40907, 103.98168
855.75762, 104.26783
48.18641, 2568.47702
874.99913, 106.61227
23.46099, 2599.91795
728.43995, 292.60136
314.60571, 2179.90689
23.81893, 2639.58480
23.81893, 2639.58480
818.66994, 212.71051
899.43053, 109.58906
24.58233, 2724.18380
24.60912, 2727.15187
761.00947, 304.63824
509.10156, 1758.05985
940.42730, 114.58422
24.81362, 2749.81477
24.91351, 2760.88470
25.49566, 2825.39765
954.58611, 116.30937
663.87704, 345.39828
25.11275, 2782.96384
25.03800, 2774.68030
975.18118, 118.81873
25.78246, 2857.18007
984.60838, 119.96736
27.27851, 3022.97126
990.68866, 120.70820
991.18207, 120.76832
793.84555, 318.87363
797.01385, 320.14628
502.38443, 576.80817
810.16326, 325.42816
810.16326, 325.42816
493.34010, 607.35342
502.24269, 1691.91164
1012.51385, 123.36744
297.79789, 2386.85909
1022.05207, 124.52960
343.30127, 2378.73882
1030.09403, 125.50946
1038.59801, 126.54560
1041.47884, 126.89661
1042.57930, 127.03069
839.10432, 337.05327
841.49683, 338.01430
1064.34120, 129.68222
853.13896, 341.51842
527.21630, 649.05858
1067.66633, 130.08737
888.15220, 356.75494
1128.21467, 70.86347
891.01741, 357.90584
897.51290, 360.51496
386.48691, 619.77173
587.04182, 2027.20779
565.15451, 648.87708
1096.57269, 133.60940
568.68272, 652.92797
1100.81977, 134.12687
1108.83982, 135.10406
911.97005, 366.32214
518.54946, 2212.78721
595.71120, 2057.14541
1123.66890, 136.91087
1132.25725, 137.95730
1502.26302, 222.42383
1143.18889, 139.28924
273.40432, 575.75219
1181.72036, 143.98402
1102.39650, 241.19137
1199.24036, 146.11870
1099.63883, 285.71312
1217.34453, 148.32457
997.24126, 400.57407
1497.48778, 182.45798
1486.67291, 181.14027
1219.52854, 171.26827
636.84758, 2162.74000
1516.03922, 184.71834
1240.33143, 151.12535
1018.83263, 409.24694
1509.34997, 183.90330
1241.53520, 151.27202
1466.24456, 320.79705
557.31936, 897.53318
1474.38898, 179.64356
1242.55078, 151.39576
1480.25705, 180.35854
1478.01461, 180.08532
1032.26767, 414.64356
1249.54510, 152.24797
1535.18022, 187.05053
1526.13981, 185.94902
1249.54510, 152.24797
1298.01429, 81.52863
1536.81109, 187.24924
1347.37933, 1546.98149
1347.37933, 1546.98149
1347.37933, 1546.98149
1297.81857, 1597.75083
1297.87350, 1597.81846
1347.42958, 1547.03918
1298.20690, 1598.22890
1298.20690, 1598.22890
1298.27500, 1598.31274
1347.57577, 1547.20704
1347.79628, 1547.46021
1298.81020, 1598.97162
1347.96556, 1547.65457
1298.99731, 1599.20198
1298.99731, 1599.20198
1298.99731, 1599.20198
1298.99731, 1599.20198
1298.99731, 1599.20198
1348.14628, 1547.86206
1330.68533, 1638.21326
1348.91039, 1548.73937
1349.06770, 1548.91998
1299.17382, 1599.41928
1299.57451, 1599.91257
1299.75102, 1600.12987
1299.75102, 1600.12987
1299.75102, 1600.12987
1299.75102, 1600.12987
1349.29060, 1549.17591
1349.29060, 1549.17591
1349.29060, 1549.17591
1349.29060, 1549.17591
1299.79306, 1600.18163
1300.40028, 1600.92918
1300.40028, 1600.92918
1349.36501, 1549.26134
1349.89666, 1549.87175
1322.17132, 1627.73161
1323.74608, 1629.67031
1301.16178, 1601.86667
1321.20844, 1626.54621
1302.85018, 1603.94527
1310.60921, 1613.49745
1302.89513, 1604.00060
1319.93171, 1624.97442
1317.37746, 1621.82988
1311.60675, 1614.72552
1318.81710, 1623.60222
1312.46708, 1615.78467
1308.21012, 1610.54392
1350.07999, 1550.08223
1308.71628, 1611.16706
1308.71628, 1611.16706
1308.71628, 1611.16706
1350.51948, 1550.58683
1350.51948, 1550.58683
1314.37870, 1618.13808
1304.91497, 1606.48724
1304.91497, 1606.48724
1350.78919, 1550.89649
1351.17893, 1551.34398
1351.41020, 1551.60950
1351.61320, 1551.84258
1352.98192, 1553.41406
1352.98192, 1553.41406
1417.21774, 1627.16584
1417.21774, 1627.16584
1353.09244, 1553.54094
1353.89834, 1554.46624
1354.29457, 1554.92116
1354.31669, 1554.94657
1354.31669, 1554.94657
1354.66231, 1555.34338
1354.70825, 1555.39613
1356.93175, 1557.94902
1356.98671, 1558.01212
1363.13213, 1565.06793
1369.79150, 1572.71382
1370.63499, 1573.68227
1395.82293, 1602.60158
1375.37342, 1579.12265
1378.73694, 1582.98445
21.80309, 2416.19123
1961.64022, 239.01158
1120.42042, 1379.35509
558.37742, 641.09603
1135.80329, 138.38936
1221.17417, 1402.08017
19.00315, 2105.90568
1171.48262, 470.56372
1363.94168, 166.18636
1684.01838, 676.44022
33.86604, 1805.15905
920.79106, 112.19168
1117.66026, 136.17876
902.04460, 1110.51155
1279.78231, 1469.37059
16.04209, 1777.76431
21.56165, 2389.43556
975.18118, 118.81873
265.52245, 2128.17051
1325.86265, 530.75353
145.51939, 1380.34688
8.84176, 979.83246
499.66769, 2132.21374
423.39691, 1437.85964
1050.08762, 127.94553
642.67455, 737.88102
1226.45142, 1509.89037
1678.55925, 204.52022
603.10887, 742.49029
2539.36275, 309.40286
24.05127, 2665.33258
1333.19943, 1530.70096
1271.43086, 1565.26478
20.32056, 2251.89922
2205.42722, 268.71525
18.06157, 2001.56095
1053.00213, 1208.99495
877.59747, 1007.60567
965.05112, 402.70074
563.72146, 694.00026
1103.95232, 134.50855
12.23796, 1356.19537
2001.17142, 519.95338
905.36844, 1039.49066
1301.03311, 158.52141
1210.19121, 147.45299
21.27886, 2358.09765
1325.27928, 1521.60753
15.90305, 1762.35614
1810.22992, 220.56333
13.04089, 1445.17509
20.73486, 2297.81174
1106.09388, 1269.95177
780.93310, 95.15101
780.55191, 313.53381
1109.75597, 135.21568
1509.34997, 183.90330
21.25827, 2355.81510
24.67150, 2734.06494
2055.06129, 225.00437
22.41057, 2483.51210
1532.10388, 186.67570
22.80304, 2527.00455
1271.91170, 1460.33402
1037.49152, 1277.26092
970.82227, 1195.18407
16.15833, 1790.64652
24.66422, 2733.25855
21.94547, 2431.97024
1220.25336, 1502.25991
9.09997, 1008.44741
14.77681, 1637.54811
20.42232, 2263.17666
1316.99766, 1512.09905
1302.85018, 1603.94527
1479.30496, 180.24254
1206.17891, 1484.93279
925.34581, 112.74665
10.99352, 1218.28849
1161.22748, 141.48711
1150.80271, 1416.75887
1182.60300, 1357.79503
1337.14579, 292.55176
854.23927, 980.78716
1186.99192, 144.62632
712.41042, 1142.42380
894.19547, 1026.66251
943.97848, 1083.82043
1501.85605, 956.47013
845.35919, 103.00086
18.72736, 2075.34336
21.23248, 2352.95714
661.44689, 1392.91688
298.97046, 2396.25731
2270.77600, 318.90346
1280.65417, 1576.61965
1209.76361, 1489.34593
22.94100, 2542.29366
1279.73066, 1469.31128
1347.96556, 1547.65457
763.99536, 93.08727
364.10898, 2522.91569
1286.92703, 516.93569
2009.97179, 244.90043
1003.12463, 122.22343
1285.97860, 156.68713
1307.67598, 1501.39644
17.94638, 1988.79532
22.31145, 2472.52770
2011.49889, 245.08649
22.38554, 2480.73747
1309.49247, 1503.48204
1013.87126, 1164.06720
14.19774, 1573.37638
709.72021, 873.74004
1147.98493, 1413.28989
1243.77350, 151.54474
1315.41860, 1510.28607
1226.25230, 1407.91058
11.82681, 1310.63298
1244.93408, 1532.64447
21.12680, 2341.24582
1934.90747, 286.48081
1269.25174, 1562.58206
14.30392, 1585.14260
636.84758, 2162.74000
11.96849, 1326.33345
1304.29873, 1605.72858
1265.70064, 1558.21028
1319.85119, 1515.37531
1717.90058, 209.31367
16.32310, 1808.90567
1212.61829, 1492.86034
23.28537, 2580.45631
1306.26719, 159.15914
769.81490, 321.23172
1238.18923, 1524.34085
1239.38488, 1422.98864
2527.22592, 307.92407
1260.20540, 1551.44507
846.17088, 971.52351
762.07826, 1501.32412
1751.95464, 213.46291
1672.90788, 203.83164
1852.87928, 958.39009
10.89425, 1207.28745
1253.20075, 1542.82161
19.83808, 2198.43125
1144.50172, 1314.04939
11.99098, 1328.82542
14.28256, 1582.77529
1065.56665, 1311.82435
1339.84593, 1538.33209
220.98012, 1771.16240
22.80735, 2527.48251
184.58699, 1479.47035
1339.24644, 1537.64379
1305.85796, 159.10928
796.81376, 320.06591
641.91513, 2216.69958
674.69091, 830.61530
930.31766, 1068.13588
1004.60429, 122.40372
1668.27749, 203.26746
1648.07364, 428.20992
13.67455, 1515.39629
22.11067, 2450.27700
971.58230, 1196.11975
984.98707, 1212.62243
1136.42314, 1304.77403
24.71113, 2738.45722
1913.17538, 768.48851
1207.24359, 1386.08590
803.30096, 322.67170
1297.86843, 1490.13600
410.08346, 1749.93419
1326.35731, 1522.84525
906.16421, 127.25998
1198.81111, 1475.86225
1058.34908, 128.95213
1586.82121, 637.39784
16.47294, 1825.51124
546.11786, 1885.88674
14.85653, 1646.38292
20.66643, 2290.22831
954.77449, 382.20394
18.77313, 2080.41554
1132.11364, 1393.75067
989.43272, 1218.09549
1038.14451, 1191.93631
17.94354, 1988.48092
954.84686, 116.34114
1240.36134, 1527.01494
871.59838, 106.19792
22.89564, 2537.26710
1335.59208, 1533.44806
932.56791, 1148.08895
554.57835, 1915.10302
20.89716, 2315.79723
2070.57713, 252.28474
1015.02904, 1086.60955
1346.23612, 1545.66893
860.05927, 1058.82320
14.64752, 1623.21963
24.90866, 2760.34690
590.65066, 678.15026
25.58733, 2835.55666
1271.02977, 1564.77100
2286.07176, 278.54120
209.64781, 1680.33358
933.34510, 113.72130
23.24250, 2575.70574
1339.41768, 1537.84039
1428.96098, 573.98820
2057.57188, 250.70015
1309.14723, 1503.08565
1292.62973, 157.49752
21.27381, 2357.53776
1886.20278, 229.82007
2242.01542, 273.17325
1342.81496, 1541.74096
24.86070, 2755.03217
502.24269, 1691.91164
1639.14193, 656.16175
19.03586, 2109.53105
1624.96111, 197.98968
760.76583, 92.69378
7.88468, 873.77017
1308.24353, 1610.58505
1348.17153, 1547.89106
48.13548, 2565.76196
315.55224, 1346.54456
2209.74272, 269.24106
1348.61440, 164.31884
1308.70639, 1502.57951
1260.11974, 1551.33961
1143.11978, 139.28082
1857.66200, 226.34259
1000.29002, 1148.47401
1709.30788, 208.26672
832.06229, 1024.35598
780.44212, 95.09119
11.87422, 1315.88694
12.24410, 1356.87638
792.30467, 975.41018
1245.87347, 1533.80095
1110.60208, 135.31878
555.10282, 683.38982
907.38432, 364.48013
16.51406, 1830.06806
666.20438, 1065.51091
13.80153, 1529.46913
1342.09778, 1540.91753
divergence_from_baseline:160.574922758
