
Model: DTLZ_1
Args:
	number of decisions: 10
	number of objectives: 2

Settings: 
{	:better <function lt at 0x10aaea1b8>
 	:candidates 500
 	:era 100
 	:gens 500
 	:lives 3
 	:mutate_prob 0.25
 	:patience 3
 	:retain 0.33
}

Baseline Population: 
218.87762, 497.29851
2.46025, 454.55255
66.38646, 632.28360
276.64503, 190.47009
567.96732, 170.47431
182.15173, 235.65034
48.73929, 299.65151
570.41489, 89.07379
191.43623, 498.15415
170.15731, 210.47092
470.92196, 22.96109
467.83718, 7.95861
217.97489, 213.07879
362.75767, 104.93044
246.63455, 442.07430
114.45191, 270.57303
288.47760, 192.22802
24.56624, 384.79183
592.81822, 114.47329
251.44639, 168.69023
97.44080, 617.64480
89.63499, 352.52448
298.79273, 385.38432
352.96376, 315.12590
500.36419, 146.26877
83.86041, 369.13398
43.49205, 739.69555
179.27643, 272.55747
723.06245, 36.72802
427.08406, 72.30445
648.11952, 12.38819
198.25087, 50.40874
319.29133, 166.75329
41.07238, 361.08655
412.68823, 226.62727
250.13017, 223.56435
484.25895, 158.46047
72.37565, 411.63329
368.64353, 30.25653
113.21573, 268.24514
229.60456, 25.72781
589.34393, 121.80490
328.90610, 343.92166
235.61163, 205.18220
214.08267, 450.43765
88.11280, 399.85439
323.87030, 143.00014
188.58488, 500.65157
78.92634, 272.21721
36.96691, 600.70667
581.54579, 95.39985
113.36238, 533.70794
106.27700, 664.34548
319.49408, 423.52986
124.66765, 304.19103
326.29333, 162.39804
127.12551, 359.98671
77.77891, 397.44152
208.20802, 84.44889
85.98897, 411.12231
246.00350, 152.00702
171.37359, 242.09027
363.69410, 310.92401
26.77817, 638.51780
381.10430, 74.08911
149.40234, 558.39977
476.50483, 246.39757
29.51461, 387.07043
205.87005, 221.31107
273.25687, 174.92672
149.99304, 132.27577
411.33422, 370.01785
110.72752, 564.42306
409.52422, 11.24251
549.70465, 89.36438
132.27959, 357.27504
330.93331, 395.74091
319.07512, 9.92634
332.63564, 321.88630
81.98099, 410.43276
266.37408, 182.78923
278.23937, 160.46590
598.22087, 192.14815
263.94512, 426.75663
115.53158, 269.20564
453.36543, 34.92759
406.14078, 260.50247
225.46221, 257.67852
146.78764, 184.09538
400.95103, 47.04542
87.80376, 589.86124
57.32283, 681.46952
316.77913, 132.17072
51.59731, 444.23300
563.62017, 114.82815
702.19680, 129.03277
374.57303, 349.72838
638.94507, 41.32294
367.33518, 40.05179
96.20000, 229.61488
395.20169, 301.38257
353.29547, 140.00058
528.44334, 170.87399
208.76963, 430.17542
240.97075, 238.49080
179.47401, 175.37691
459.00084, 40.12814
478.90333, 274.89421
378.82785, 20.78123
400.14939, 251.60163
310.40318, 86.47571
91.93905, 265.08793
188.33983, 539.49420
654.54391, 113.51032
268.81042, 422.14856
363.46802, 82.73069
525.04772, 139.50267
274.18850, 180.55526
143.04838, 524.67436
174.53635, 515.58982
285.30082, 191.08164
280.13122, 195.41606
273.00153, 186.19381
165.77671, 521.78829
144.60185, 304.83746
576.77235, 111.04827
482.56872, 183.10841
276.61135, 112.95849
203.76711, 211.60998
316.32759, 164.06792
406.58057, 56.22698
41.39197, 398.15269
39.15044, 360.69727
311.99968, 368.35522
174.84133, 468.26493
289.62285, 425.75645
452.21671, 348.81154
183.70009, 308.46197
294.63545, 363.45589
377.90022, 79.37545
213.59524, 423.83364
425.86807, 59.89590
433.32120, 38.70590
130.98823, 367.03261
472.61887, 21.12646
48.77922, 435.09834
141.48539, 501.94894
246.86295, 120.23313
573.60736, 188.67145
334.03108, 39.72997
649.39669, 80.64538
614.31453, 28.72544
194.82844, 274.94413
0.39100, 693.15000
340.58235, 310.62045
584.65736, 95.26917
129.09439, 365.82905
33.28995, 334.43050
117.55137, 657.66289
6.77722, 470.03100
296.52281, 158.14549
503.52392, 261.05939
29.50412, 614.07957
90.30293, 244.02066
98.45786, 391.89648
344.99454, 130.11595
158.49985, 228.84053
31.82167, 358.62859
493.71024, 163.35875
295.83923, 368.22717
549.30549, 172.31582
30.90835, 351.63914
355.97027, 116.42711
553.80884, 137.57413
0.93385, 486.77488
467.09750, 265.27049
400.45578, 285.21032
93.43237, 390.38116
242.35678, 74.16962
365.82240, 91.00681
200.79984, 210.79013
81.57721, 383.38431
1.90729, 743.61860
92.14562, 375.63505
281.10993, 190.79422
384.57296, 101.32183
171.75108, 74.33858
177.95849, 552.37639
86.14368, 384.81944
762.97084, 19.79197
263.58624, 185.40622
275.38876, 205.44737
73.55930, 290.26965
73.00780, 412.81832
636.19138, 17.80115
84.10560, 400.00145
285.26760, 405.18365
27.73234, 254.68738
166.21939, 275.35355
93.46869, 572.74191
164.35571, 526.77415
466.00365, 7.46606
394.75069, 240.89779
116.49342, 351.07709
0.07866, 392.86521
319.50880, 411.42690
156.27954, 225.84825
483.45976, 2.22650
289.12683, 123.35816
78.00538, 628.09895
195.89120, 242.33419
188.54889, 542.59078
525.45038, 112.33537
584.46004, 110.98691
28.12955, 307.13319
386.90369, 71.12444
267.59833, 190.39772
429.42165, 23.75907
241.37403, 228.89040
400.95030, 470.60187
162.38851, 494.93170
71.76524, 571.58963
158.79829, 277.95947
154.98120, 323.38116
107.12298, 382.71575
369.44166, 124.82403
706.11235, 22.41190
405.22826, 92.58110
16.72490, 431.44747
47.31712, 371.18621
309.77052, 125.33431
530.81108, 118.00559
371.71929, 277.62566
413.67839, 47.96837
585.58164, 58.05808
96.88538, 566.55283
377.38047, 25.30932
235.13420, 177.29933
337.75178, 308.34324
458.95001, 229.57010
37.82808, 298.76695
97.39165, 388.75434
51.41002, 187.88152
138.79420, 313.58942
225.93189, 445.70365
266.09412, 92.06595
376.35761, 114.16280
155.09106, 237.70289
115.54562, 341.54349
493.58936, 2.12533
338.67749, 149.84014
199.88248, 267.76631
305.42558, 145.50965
233.88697, 170.68466
590.78724, 92.95543
183.19222, 218.05792
304.50538, 131.13280
156.69997, 500.00149
89.25607, 391.96099
316.83712, 79.02219
378.19816, 101.06868
235.82609, 168.69572
101.12420, 322.10357
120.17904, 264.85110
10.28582, 404.22392
215.91668, 420.02618
208.10278, 291.76076
130.32892, 285.49797
325.58024, 128.17976
240.57221, 205.55890
25.10922, 676.61551
156.05691, 294.00482
360.54489, 90.11678
408.44280, 35.05240
396.39189, 83.41303
529.55009, 275.97761
290.47943, 185.44290
353.12839, 102.13958
34.23111, 630.75635
486.13987, 2.27361
131.82542, 203.75913
254.02633, 60.21604
605.10350, 116.31820
234.14952, 251.04874
242.01044, 44.19266
396.39679, 377.70223
462.07906, 201.78472
246.60141, 439.84525
125.93611, 288.32468
34.27758, 462.06644
665.84205, 144.10007
375.14022, 70.43162
297.96611, 115.66274
119.23770, 602.64186
351.35010, 297.86809
496.63905, 156.36360
528.53214, 115.51227
113.58536, 304.07902
449.33449, 196.96095
382.96235, 2.11763
153.81140, 304.26370
401.34229, 33.54798
20.43724, 707.61535
340.62111, 311.89843
284.78313, 201.08735
436.59955, 274.72951
439.28582, 231.04670
402.85802, 321.03111
128.37156, 83.21597
682.41852, 19.85728
96.25029, 358.55211
359.19077, 122.01805
401.79650, 90.37664
264.98582, 171.83201
145.16636, 236.18071
648.01883, 21.33838
59.79750, 395.29427
125.04473, 276.22270
277.02435, 197.19370
301.05768, 72.99737
235.76880, 160.65326
134.28145, 166.08013
390.59665, 99.19786
252.72083, 157.12142
121.16993, 373.97208
96.25655, 253.07429
116.10335, 326.52925
309.85311, 187.34424
237.17493, 444.29521
305.94183, 191.04790
138.51356, 153.68094
581.81041, 158.81152
408.38741, 331.20722
29.15351, 624.85975
203.86598, 184.65583
553.76979, 176.20426
354.40487, 36.62485
9.88944, 453.45810
217.18025, 146.50783
294.20402, 63.11339
371.07870, 40.03792
165.89243, 176.41696
283.25770, 115.97056
168.08994, 97.01494
135.25514, 350.47699
226.49995, 424.09500
32.23603, 618.89908
209.42306, 433.99456
424.15776, 227.56614
316.57169, 67.12624
257.71373, 494.94762
167.10598, 172.50432
397.83955, 320.86100
44.84183, 604.71524
4.31927, 360.51273
136.48256, 91.63453
129.72000, 274.23616
215.18830, 224.61243
290.33176, 2.90393
254.05145, 104.62451
615.16646, 49.55135
225.25697, 234.46940
225.98901, 263.16028
279.22846, 215.82287
416.52369, 268.06693
372.45868, 119.37346
88.33632, 309.40592
296.00822, 73.59208
78.37083, 576.69779
150.24645, 507.08460
274.44575, 71.23155
447.01565, 189.49247
146.52988, 346.40200
283.93726, 190.51546
613.91806, 76.62018
461.78695, 190.03952
419.69810, 313.93553
179.73711, 208.95604
282.92118, 68.30067
126.37391, 574.32192
344.03766, 421.81012
19.78676, 361.54329
578.53920, 91.28249
383.24726, 48.69452
208.37297, 21.50402
65.75065, 418.34343
496.69315, 168.26887
623.06559, 43.33535
137.32362, 357.01528
86.45450, 349.77439
538.06622, 174.10836
48.56195, 314.15922
38.87907, 381.24923
123.90561, 582.57930
83.88298, 357.43320
535.04436, 101.49853
10.37888, 438.31302
192.54679, 211.71082
90.82062, 231.47506
132.04780, 318.54603
635.47186, 118.56364
90.11668, 241.05203
379.86268, 41.59340
3.48317, 633.68078
413.06330, 5.97256
497.81455, 193.84128
33.26534, 447.69418
400.40486, 255.29827
98.48943, 391.16758
625.21963, 25.66982
170.78335, 234.39792
184.72400, 477.03916
126.37540, 286.58492
437.29847, 61.22544
354.29890, 28.06108
410.28529, 61.22365
34.46085, 705.68766
183.96170, 218.33357
234.98448, 240.34465
360.90970, 20.26613
291.72360, 74.42631
9.48448, 414.22167
104.94593, 353.11467
429.90039, 233.51939
85.51566, 382.79472
624.61641, 43.29781
652.46494, 80.79179
225.86892, 415.72029
262.35556, 88.98506
291.72291, 66.10372
696.73310, 113.25822
253.64269, 235.62419
345.93328, 310.95054
116.95788, 534.61080
24.57938, 664.89777
358.36977, 60.08674
460.26985, 17.71510
373.76089, 121.72879
242.91544, 225.73618
200.11310, 241.81658
337.22144, 381.14627
307.95655, 378.23359
201.99312, 232.72285
476.07786, 162.09105
19.97698, 395.48781
292.52353, 178.31747
578.15846, 186.23033
229.79455, 209.17688
429.51983, 256.24949
216.86427, 155.75326
171.57512, 121.98152
321.25908, 366.34708
112.83008, 375.24776
446.20393, 39.17945
146.56924, 325.94206
108.26590, 532.80919
212.29345, 282.74242
331.54364, 27.76926
623.94106, 87.95703
411.16192, 50.82604
402.78497, 312.52565
41.57142, 437.17275
367.61045, 87.47663
35.01544, 378.14531
463.71633, 257.12016
173.12658, 476.27354
512.76044, 181.26910
347.89962, 123.25403
337.04496, 25.55566
98.59665, 353.24599
2.93883, 448.91610
227.24904, 192.55396
100.94652, 549.90635
51.09004, 318.10618
114.58527, 382.27730
305.10248, 88.81153
198.98775, 119.43610
286.38689, 177.41285
234.13556, 57.29871
330.19406, 501.18601
230.32327, 250.69091
616.63560, 68.80111
309.53041, 129.99017
308.51839, 38.07280
193.23153, 582.26691
252.41413, 99.13940
69.59457, 427.19813
676.62181, 41.42410
39.48829, 663.23462
469.91629, 23.26966
262.94761, 185.37548
13.60050, 417.21000
204.33505, 103.71258
45.37217, 423.95808
65.74823, 596.42230
191.97442, 599.42848
6.38620, 292.25728
170.53416, 246.86235
205.14047, 205.67552
158.89033, 259.14679

 Final Population: 
1.68415, 1.68882
1.68415, 1.68882
1.68415, 1.68882
1.68415, 1.68882
1.68415, 1.68882
1.68415, 1.68882
1.68415, 1.68882
1.68415, 1.68882
1.68415, 1.68882
1.68415, 1.68882
1.68415, 1.68882
1.68415, 1.68882
1.68415, 1.68882
1.68415, 1.68882
1.68415, 1.68882
1.68415, 1.68882
1.68415, 1.68882
1.68415, 1.68882
1.68415, 1.68882
1.68415, 1.68882
1.68415, 1.68882
1.68415, 1.68882
1.68415, 1.68882
1.68415, 1.68882
1.68415, 1.68882
1.68415, 1.68882
1.68415, 1.68882
1.68415, 1.68882
1.68415, 1.68882
1.68415, 1.68882
1.68415, 1.68882
1.68415, 1.68882
1.68415, 1.68882
1.68415, 1.68882
1.68415, 1.68882
1.68415, 1.68882
1.68415, 1.68882
1.68415, 1.68882
1.68415, 1.68882
1.68415, 1.68882
1.68415, 1.68882
1.68415, 1.68882
1.68415, 1.68882
1.68415, 1.68882
1.68415, 1.68882
1.68415, 1.68882
1.68415, 1.68882
1.68415, 1.68882
1.68415, 1.68882
1.68415, 1.68882
1.68415, 1.68882
1.68415, 1.68882
1.68415, 1.68882
1.68415, 1.68882
1.68415, 1.68882
1.68415, 1.68882
1.68415, 1.68882
1.68415, 1.68882
1.68415, 1.68882
1.68415, 1.68882
1.68415, 1.68882
1.68415, 1.68882
1.68415, 1.68882
1.68415, 1.68882
1.68415, 1.68882
1.68415, 1.68882
1.68415, 1.68882
1.68415, 1.68882
1.68415, 1.68882
1.68415, 1.68882
1.68415, 1.68882
1.68415, 1.68882
1.68415, 1.68882
1.68415, 1.68882
1.68415, 1.68882
1.68415, 1.68882
1.68415, 1.68882
1.68415, 1.68882
1.68415, 1.68882
1.68415, 1.68882
1.68415, 1.68882
1.68415, 1.68882
1.68415, 1.68882
1.68415, 1.68882
1.68415, 1.68882
1.68415, 1.68882
1.68415, 1.68882
1.68415, 1.68882
1.68415, 1.68882
1.68415, 1.68882
1.68415, 1.68882
1.68415, 1.68882
1.68415, 1.68882
1.68415, 1.68882
1.68415, 1.68882
1.68415, 1.68882
1.68415, 1.68882
1.68415, 1.68882
1.68415, 1.68882
1.68415, 1.68882
1.68415, 1.68882
1.68415, 1.68882
1.68415, 1.68882
1.68415, 1.68882
1.68415, 1.68882
1.68415, 1.68882
1.68415, 1.68882
1.68415, 1.68882
1.68415, 1.68882
1.68415, 1.68882
1.68415, 1.68882
1.68415, 1.68882
1.68415, 1.68882
1.68415, 1.68882
1.68415, 1.68882
1.68415, 1.68882
1.68415, 1.68882
1.68415, 1.68882
1.68415, 1.68882
1.68415, 1.68882
1.68415, 1.68882
1.68415, 1.68882
1.68415, 1.68882
1.68415, 1.68882
1.68415, 1.68882
1.68415, 1.68882
1.68415, 1.68882
1.68415, 1.68882
1.68415, 1.68882
1.68415, 1.68882
1.68415, 1.68882
1.68415, 1.68882
1.68415, 1.68882
1.68415, 1.68882
1.68415, 1.68882
1.68415, 1.68882
1.68415, 1.68882
1.68415, 1.68882
1.68415, 1.68882
1.68415, 1.68882
1.68415, 1.68882
1.68415, 1.68882
1.68415, 1.68882
1.68415, 1.68882
1.68415, 1.68882
1.68415, 1.68882
1.68415, 1.68882
1.68415, 1.68882
1.68415, 1.68882
1.68415, 1.68882
1.68415, 1.68882
1.68415, 1.68882
1.68415, 1.68882
1.68415, 1.68882
1.68415, 1.68882
1.68415, 1.68882
1.68415, 1.68882
1.68415, 1.68882
1.68415, 1.68882
1.68415, 1.68882
1.68415, 1.68882
1.68415, 1.68882
1.68415, 1.68882
1.68415, 1.68882
1.68415, 1.68882
400.47425, 470.04313
400.47425, 470.04313
400.47425, 470.04313
400.47425, 470.04313
400.47425, 470.04313
400.47425, 470.04313
400.47425, 470.04313
400.47425, 470.04313
400.47425, 470.04313
400.47425, 470.04313
400.47425, 470.04313
400.47425, 470.04313
400.47425, 470.04313
400.47425, 470.04313
400.47425, 470.04313
400.47425, 470.04313
400.47425, 470.04313
400.47425, 470.04313
400.47425, 470.04313
400.47425, 470.04313
400.47425, 470.04313
400.47425, 470.04313
400.47425, 470.04313
400.47425, 470.04313
400.47425, 470.04313
400.47425, 470.04313
400.47425, 470.04313
400.47425, 470.04313
400.47425, 470.04313
400.47425, 470.04313
400.47425, 470.04313
400.47425, 470.04313
400.47425, 470.04313
400.47425, 470.04313
400.47425, 470.04313
400.47425, 470.04313
400.47425, 470.04313
400.47425, 470.04313
400.47425, 470.04313
400.47425, 470.04313
400.47425, 470.04313
400.47425, 470.04313
400.47425, 470.04313
400.47425, 470.04313
400.47425, 470.04313
400.47425, 470.04313
400.47425, 470.04313
400.47425, 470.04313
400.47425, 470.04313
400.47425, 470.04313
400.47425, 470.04313
400.47425, 470.04313
400.47425, 470.04313
400.47425, 470.04313
400.47425, 470.04313
400.47425, 470.04313
400.47425, 470.04313
400.47425, 470.04313
400.47425, 470.04313
400.47425, 470.04313
400.47425, 470.04313
400.47425, 470.04313
400.47425, 470.04313
400.47425, 470.04313
400.47425, 470.04313
400.50372, 470.07771
400.50372, 470.07771
400.50372, 470.07771
400.50372, 470.07771
400.50372, 470.07771
400.50372, 470.07771
400.50372, 470.07771
400.50372, 470.07771
400.50372, 470.07771
400.92083, 470.56728
400.92083, 470.56728
400.92083, 470.56728
400.92083, 470.56728
400.92083, 470.56728
400.92083, 470.56728
400.92083, 470.56728
400.95030, 470.60187
48.22429, 133.06982
247.09239, 247.77859
50.14377, 50.28302
379.68745, 380.74187
312.39534, 366.66347
379.71943, 380.77394
230.62923, 159.54427
247.09239, 247.77859
392.87035, 461.11830
379.71943, 380.77394
400.47425, 470.04313
356.89003, 418.88761
356.89003, 418.88761
199.20317, 199.75638
292.70547, 293.51834
371.38657, 435.90245
231.31363, 271.49656
97.28069, 97.55085
29.84921, 29.93210
52.19680, 61.26423
356.91949, 418.92220
292.22078, 293.03230
43.14231, 50.63683
1.68415, 1.68882
43.14231, 50.63683
379.68745, 380.74187
268.35600, 314.97379
1.68415, 1.68882
320.10406, 375.71133
268.35600, 314.97379
216.65534, 88.95072
232.39340, 272.76390
375.49795, 440.72803
118.93445, 119.26474
99.02902, 116.23197
246.79716, 247.48254
380.17214, 381.22791
247.09239, 247.77859
344.88472, 345.84249
132.78517, 155.85211
356.89003, 418.88761
88.34449, 103.69136
117.72050, 118.04742
360.11893, 422.67743
218.51741, 256.47743
99.02902, 116.23197
247.09239, 247.77859
359.14146, 421.53016
379.68745, 380.74187
97.28069, 97.55085
379.68745, 380.74187
379.68745, 380.74187
328.85804, 329.77131
97.28069, 97.55085
1.68415, 1.68882
43.14231, 50.63683
1.68415, 1.68882
199.17119, 199.72431
393.66802, 462.05454
379.68745, 380.74187
400.47425, 470.04313
356.89003, 418.88761
332.07193, 389.75822
145.07883, 145.48172
132.78517, 155.85211
97.28069, 97.55085
328.85804, 329.77131
97.28069, 97.55085
399.85626, 469.31777
292.22078, 293.03230
97.28069, 97.55085
245.57497, 246.25696
356.89003, 418.88761
292.25276, 293.06437
146.23426, 146.64037
400.47425, 470.04313
292.22078, 293.03230
199.17119, 199.72431
342.81758, 343.76961
356.89003, 418.88761
174.36470, 204.65467
268.35600, 314.97379
218.51741, 256.47743
48.98833, 49.12438
48.98833, 49.12438
52.19680, 61.26423
400.47425, 470.04313
231.86532, 276.23384
199.17119, 199.72431
1.68415, 1.68882
399.85626, 469.31777
132.78517, 155.85211
389.51474, 390.59646
180.71699, 212.11046
241.87879, 283.89706
328.85804, 329.77131
399.85626, 469.31777
91.23745, 107.08687
242.61207, 243.28583
1.68415, 1.68882
52.19680, 61.26423
171.55982, 172.03625
268.35600, 314.97379
99.02902, 116.23197
356.89003, 418.88761
174.36470, 204.65467
99.02902, 116.23197
97.28069, 97.55085
52.19680, 61.26423
166.89843, 167.36192
146.23426, 146.64037
544.44869, 186.70295
278.73910, 327.16060
145.07883, 145.48172
290.29425, 340.72308
400.47425, 470.04313
50.73929, 50.88019
192.93482, 226.45073
358.83187, 320.60498
268.35600, 314.97379
705.09243, 71.37245
52.19680, 61.26423
247.09239, 247.77859
212.85767, 351.00874
378.99880, 444.83704
174.36470, 204.65467
119.83912, 120.17193
247.09239, 247.77859
389.54672, 390.62853
174.36470, 204.65467
1.68415, 1.68882
218.51741, 256.47743
312.39534, 366.66347
200.32663, 200.88295
342.87476, 402.43766
174.36470, 204.65467
99.02902, 116.23197
99.02902, 116.23197
366.90454, 430.64181
159.02660, 159.46823
162.84308, 191.13157
99.75368, 117.08251
328.85804, 329.77131
218.51741, 256.47743
48.98833, 49.12438
199.17119, 199.72431
1.68415, 1.68882
267.73801, 314.24844
400.47425, 470.04313
180.65605, 340.72562
504.60048, 1.59209
247.09239, 247.77859
356.89003, 418.88761
400.47425, 470.04313
218.51741, 256.47743
27.43873, 178.62125
389.51474, 390.59646
132.78517, 155.85211
52.19680, 61.26423
379.68745, 380.74187
52.19680, 61.26423
48.98833, 49.12438
99.02902, 116.23197
132.78517, 155.85211
117.53116, 117.85756
379.68745, 380.74187
162.70199, 163.15383
390.11281, 457.88173
365.31808, 366.33260
328.89002, 329.80338
328.85804, 329.77131
379.68745, 380.74187
247.09239, 247.77859
328.85804, 329.77131
111.84374, 131.27281
292.22078, 293.03230
267.72356, 314.23149
48.98833, 49.12438
199.17119, 199.72431
218.51741, 256.47743
145.07883, 145.48172
375.41271, 376.45526
137.50180, 161.38810
132.78517, 155.85211
222.09503, 222.71181
336.11836, 394.50758
48.98833, 49.12438
292.22078, 293.03230
247.09239, 247.77859
99.02902, 116.23197
199.17119, 199.72431
389.51474, 390.59646
247.09239, 247.77859
312.39534, 366.66347
355.15249, 416.84823
145.07883, 145.48172
356.89003, 418.88761
379.68745, 380.74187
132.78517, 155.85211
367.61981, 431.48134
50.14377, 50.28302
99.02902, 116.23197
155.92316, 183.00955
356.89003, 418.88761
400.47425, 470.04313
199.20317, 199.75638
356.27203, 418.16226
353.57521, 414.99696
52.19680, 61.26423
193.34742, 193.88436
132.78517, 155.85211
145.07883, 145.48172
374.01046, 438.98214
413.34488, 71.20753
43.14231, 50.63683
247.09239, 247.77859
142.95988, 167.79434
43.14231, 50.63683
200.32663, 200.88295
563.92277, 138.12016
400.47425, 470.04313
97.28069, 97.55085
48.98833, 49.12438
199.17119, 199.72431
199.17119, 199.72431
132.78517, 155.85211
132.78517, 155.85211
48.98833, 49.12438
292.25276, 293.06437
328.85804, 329.77131
400.47425, 470.04313
389.51474, 390.59646
386.71069, 453.88861
199.17119, 199.72431
212.67955, 249.62544
97.28069, 97.55085
379.68745, 380.74187
356.89003, 418.88761
52.19680, 61.26423
292.22078, 293.03230
174.36470, 204.65467
99.02902, 116.23197
1.68415, 1.68882
268.35600, 314.97379
247.09239, 247.77859
356.89003, 418.88761
132.78517, 155.85211
356.89003, 418.88761
199.17119, 199.72431
199.20317, 199.75638
328.85804, 329.77131
384.04229, 450.75666
312.39534, 366.66347
divergence_from_baseline:64.9650607772
