
Model: DTLZ_3
Args:
	number of decisions: 10
	number of objectives: 3Settings: 
{	:better <function lt at 0x107b0f1b8>
 	:candidates 500
 	:era 100
 	:gens 500
 	:lives 3
 	:mutate_prob 0.25
 	:patience 3
 	:retain 0.33
}
 Baseline Population: 
46.62157, 281.09056, 299.07239
637.35715, 25.82831, 512.32378
347.51072, 53.59910, 897.44294
139.21309, 208.01823, 474.56068
18.69265, 32.52330, 1316.21934
5.04493, 222.81291, 434.33875
263.10285, 21.18102, 996.42939
171.30782, 23.31767, 1105.84258
15.54585, 68.13062, 1263.29024
666.71751, 27.85393, 546.72045
283.39794, 79.16093, 236.40704
385.19511, 6.21263, 412.54003
150.45048, 121.06552, 928.21375
396.42296, 34.72364, 269.95589
0.66829, 34.59003, 689.65860
386.75263, 69.99091, 197.70304
101.45261, 96.87216, 1158.51002
196.31696, 128.52980, 110.63387
214.56295, 114.97054, 1260.32237
531.83088, 10.46305, 588.17026
62.83006, 3.11037, 706.32853
111.73911, 132.88661, 603.10917
604.33491, 83.41966, 23.41614
335.39120, 198.21016, 142.47162
30.85041, 6.03097, 1067.67263
155.49226, 226.26639, 928.03565
79.30579, 25.97505, 658.10210
513.25652, 48.20794, 619.50955
235.77917, 105.74462, 1011.28315
330.30798, 127.41461, 9.06499
80.12642, 112.62411, 403.61582
37.09759, 61.40039, 569.06476
48.29471, 123.70969, 1326.04879
9.59748, 25.91218, 715.01498
472.90568, 82.77706, 58.68143
128.07983, 135.44669, 1104.33206
121.45501, 23.65721, 1458.86424
26.97335, 17.20282, 1177.55204
218.19764, 80.68937, 505.47265
155.02822, 164.88120, 453.81312
45.91391, 66.47192, 1172.57205
99.49526, 114.20627, 1027.28828
501.98501, 5.54972, 289.89775
181.56292, 35.02780, 957.56508
544.30068, 15.73013, 559.04167
3.04580, 63.19258, 721.36368
441.96584, 8.22302, 331.59669
216.00511, 37.28211, 597.58891
308.83959, 12.69348, 1041.24687
211.58797, 16.52788, 1171.39143
6.33376, 74.76132, 1432.11003
173.05400, 97.21242, 1016.41332
45.33911, 218.54006, 272.07473
538.76592, 10.14131, 115.29315
60.54776, 10.20356, 719.08216
368.67189, 32.17801, 763.96880
144.66208, 84.84938, 1102.01371
528.68089, 36.84555, 45.01053
212.16333, 177.79977, 946.59122
505.35858, 39.29730, 585.80113
260.04349, 145.37180, 180.71654
397.70423, 9.00302, 817.86920
112.40487, 52.46424, 559.31571
514.14807, 71.35082, 13.44862
275.05127, 33.66232, 1054.01065
84.34381, 108.05219, 87.83226
255.92099, 150.60033, 1180.19960
0.72715, 20.64521, 604.74737
314.60010, 47.72791, 987.70444
91.39155, 122.23880, 1020.36716
84.91733, 203.39879, 323.48850
210.67307, 149.08797, 190.91981
152.87724, 189.08132, 373.17933
147.79871, 179.84334, 276.91598
262.05601, 149.90478, 23.04882
523.47278, 35.84588, 61.54896
53.29245, 126.56835, 1169.52431
81.42052, 33.21128, 1392.90236
292.81771, 56.75717, 1208.96427
13.76343, 20.83391, 1408.05364
234.03406, 113.24281, 222.73797
40.74176, 120.92842, 665.85510
109.59965, 77.60427, 1166.20225
232.15924, 32.81308, 1010.61730
245.12588, 47.71508, 1303.07494
245.97394, 65.49247, 418.54008
105.63973, 198.89309, 264.40674
68.85918, 11.72984, 1071.25667
127.49880, 210.99010, 188.33391
303.88205, 90.30581, 315.12983
187.78811, 146.24922, 375.64486
173.70754, 90.18402, 275.92269
345.13315, 59.26957, 304.27497
97.37918, 95.62116, 1394.82573
84.34047, 107.87984, 1105.02715
8.82155, 20.96303, 1088.54628
217.42060, 77.96693, 98.09735
287.57773, 97.79844, 82.53254
199.04743, 46.90640, 1295.10752
149.46822, 99.84197, 578.92982
303.91192, 43.31968, 845.06879
533.12339, 43.90943, 188.61301
5.23926, 101.24928, 595.88654
487.25347, 141.59106, 97.75023
189.80770, 232.62157, 256.66795
374.58052, 29.22414, 1047.50256
174.76882, 176.58242, 211.29163
149.05952, 230.92197, 481.19836
119.98242, 165.11294, 251.50914
250.37219, 41.50794, 354.29027
171.46215, 41.72626, 927.74066
59.22487, 245.04875, 474.89011
244.68498, 33.23374, 1201.28726
163.50979, 27.99956, 1080.80761
408.89760, 15.44715, 145.17275
189.33802, 167.74439, 142.07217
25.80597, 57.50931, 1378.63162
40.56913, 74.82474, 1606.62258
55.98466, 150.73734, 1004.14127
383.06008, 87.06996, 726.24613
471.95067, 110.58757, 123.33078
140.80716, 7.48232, 1199.65148
377.51121, 7.17230, 1170.10994
119.71554, 200.80784, 526.73741
239.24437, 79.72620, 27.02682
462.17674, 85.64602, 15.26981
334.78326, 218.40728, 92.16828
221.14763, 20.65609, 938.55865
390.36162, 46.83776, 269.35634
15.61823, 230.90007, 153.89333
70.46710, 214.38278, 122.66086
147.24580, 157.82867, 88.64184
37.14316, 8.61646, 1317.94318
161.28194, 99.14814, 602.76988
180.48060, 125.06168, 126.90291
107.53987, 132.92167, 949.44929
32.49853, 16.74439, 1177.60362
261.28236, 26.89424, 148.78798
119.28473, 54.60550, 999.40684
169.13911, 21.45859, 1379.38023
50.19034, 20.13934, 1071.94978
447.93624, 92.89343, 318.19907
366.03115, 12.53808, 448.77611
466.01864, 42.23757, 266.24798
7.23474, 1.23577, 460.84709
487.30824, 139.78941, 764.29722
225.60425, 27.21318, 876.96551
25.33502, 9.53440, 510.64552
95.48375, 87.08425, 645.97291
380.56967, 33.99412, 924.25300
363.26274, 21.21095, 374.42952
34.43865, 188.03342, 650.50861
101.52536, 102.89489, 444.13014
182.50820, 139.63894, 499.74018
378.84917, 71.40339, 375.72297
244.10949, 18.26308, 905.14966
436.25865, 30.02970, 128.78955
18.36968, 66.06068, 1293.08915
502.33469, 67.68704, 944.50834
365.09475, 143.26138, 714.57512
15.14758, 173.40978, 387.65487
446.79247, 86.76204, 114.86093
105.66479, 152.37188, 312.39316
148.91506, 46.60843, 1528.26984
111.36501, 69.32335, 1180.11526
384.35939, 40.08092, 156.07229
571.02830, 42.40745, 770.72051
187.65856, 10.54240, 1152.31629
176.47539, 143.04886, 895.60255
131.73091, 100.49891, 539.64486
113.62402, 65.78149, 664.34434
36.30757, 250.46516, 151.29742
137.61299, 146.25749, 1268.55933
258.91539, 64.37807, 522.80296
9.05147, 20.74819, 649.17865
402.57526, 176.71731, 38.04605
284.71559, 31.83158, 831.63495
283.03056, 18.83615, 1319.51103
226.41044, 50.94764, 1016.29146
311.42185, 14.88063, 221.20153
497.33995, 51.13707, 602.83417
27.11139, 288.31149, 58.88490
45.05006, 28.07371, 1069.93555
46.64911, 159.64461, 555.69447
82.14248, 209.77331, 453.27738
529.61137, 95.92437, 11.49860
42.54510, 184.34895, 271.32427
468.98174, 63.57583, 294.12505
150.73023, 13.77202, 1033.33735
291.31190, 96.08409, 279.65529
21.54382, 62.03913, 1186.99558
324.46092, 69.29055, 816.21320
195.72629, 32.19990, 470.47653
298.82883, 181.36783, 760.22756
42.34059, 60.48734, 1146.84061
75.30547, 63.87207, 1058.74649
18.56928, 32.89906, 1092.48055
138.21756, 284.18843, 127.79923
131.54969, 144.57437, 529.56832
156.86036, 126.85399, 350.98849
114.47798, 37.46626, 994.11108
143.60950, 114.40443, 967.49785
34.25895, 7.61317, 526.26624
77.05757, 132.89450, 641.34064
463.88300, 149.06935, 802.72722
279.97005, 76.18650, 901.71416
61.27663, 1.62528, 1612.58195
10.65069, 60.62733, 1083.85890
450.08335, 84.66921, 69.04063
6.02302, 0.96000, 1122.93543
465.75494, 23.53822, 625.41647
83.54805, 55.89961, 646.61181
330.36517, 4.00164, 980.45566
142.12944, 208.96749, 213.83274
233.33908, 80.66891, 871.63152
126.70945, 13.70216, 1101.13822
238.57216, 91.24628, 57.05583
35.79188, 259.74725, 163.30515
334.54393, 30.03989, 797.74338
54.32960, 127.44609, 396.50054
400.96977, 82.22698, 1085.65967
159.87620, 191.51955, 287.08644
28.59439, 232.46253, 435.78954
334.08599, 21.64574, 1087.46542
192.78815, 143.07581, 87.69958
7.48450, 137.29574, 1105.35196
293.48290, 63.00070, 1125.85900
374.29605, 16.54692, 911.00031
515.11332, 59.57682, 681.71182
387.61888, 101.11788, 287.82961
537.31028, 110.96909, 210.30276
7.79861, 234.36240, 629.30666
93.10527, 54.88571, 1345.59730
289.73478, 66.29130, 139.29525
57.89762, 143.56093, 0.82622
59.24064, 238.01217, 27.56617
259.76587, 139.21573, 189.38667
389.93280, 22.24486, 782.59030
119.86350, 235.80866, 272.11914
116.99356, 10.68974, 1074.95892
313.53626, 108.97718, 323.27521
11.19506, 50.15071, 1113.58032
4.08223, 26.45890, 1541.31568
4.53902, 60.64631, 771.24103
348.18720, 46.69138, 1120.05492
279.17053, 55.37488, 1088.35166
170.58435, 96.97241, 1297.08020
496.52390, 118.68664, 120.92318
461.17781, 67.96733, 966.71287
213.25324, 59.00869, 1104.18787
29.24871, 4.04836, 1548.97652
171.72036, 43.95595, 1084.45076
113.62663, 18.02796, 1040.71008
620.34811, 89.93179, 62.76559
237.69616, 7.22672, 884.85760
280.04661, 124.84675, 321.35967
330.39167, 23.05008, 912.00262
640.46366, 23.47086, 35.94948
56.06438, 200.03827, 936.45910
461.66562, 2.51663, 865.58091
317.62062, 63.38076, 4.41196
366.78253, 55.79071, 390.78230
23.01550, 268.89705, 446.70228
19.34759, 246.72193, 511.87744
22.30117, 25.79660, 1375.89520
392.26563, 173.06170, 299.07723
27.95586, 67.36680, 711.03761
200.64992, 156.32798, 535.77418
425.84399, 86.07607, 684.76770
277.22311, 76.27590, 952.80409
348.65051, 43.06944, 965.01825
285.77567, 165.47652, 150.97396
222.72204, 33.83056, 474.65726
246.81143, 208.41355, 358.59700
300.56592, 79.24135, 477.01637
582.19638, 42.64129, 553.63188
239.92024, 155.09135, 882.07178
141.78255, 86.81716, 1438.96120
262.34981, 42.54463, 1018.02090
379.93532, 151.81293, 163.63829
46.85888, 5.08318, 1176.04688
79.44141, 198.69052, 237.37306
281.17606, 109.51026, 106.53461
338.72725, 68.77937, 892.01969
273.88072, 123.35637, 400.27340
48.34243, 7.44818, 747.44073
153.74168, 196.29581, 6.17430
223.64995, 83.49715, 323.62286
216.48661, 104.26821, 227.16468
428.93556, 101.13681, 164.96725
295.96615, 46.00630, 1149.07301
39.49216, 197.06270, 586.40858
85.71510, 7.40588, 1286.91392
307.43864, 10.63629, 813.62780
304.08644, 38.05780, 1138.43999
71.75814, 39.40970, 1144.23617
76.34323, 54.58155, 1155.91287
258.05952, 0.44075, 861.57707
374.51460, 145.39447, 3.79388
37.45002, 195.50744, 9.22184
188.88768, 140.92360, 477.27119
335.38286, 58.31072, 385.42701
321.69889, 1.21675, 322.48519
166.82646, 65.65250, 996.07730
224.63929, 46.20322, 944.66337
161.14888, 32.27943, 1047.26110
63.78979, 203.48619, 395.13018
581.70968, 35.24007, 43.95000
393.77146, 85.11396, 1120.67699
344.97201, 58.26714, 423.07337
45.09436, 0.78238, 1275.98404
162.11346, 252.97797, 294.54859
582.17823, 5.69679, 749.63994
226.89624, 85.54949, 971.70600
116.90289, 36.75798, 1179.79088
528.10170, 12.70953, 865.50713
42.54336, 7.64890, 519.73251
161.70357, 197.08068, 161.49915
248.68795, 216.63230, 115.51139
137.29834, 37.56849, 1258.04582
279.96658, 120.43299, 1036.77765
230.49654, 28.80930, 171.04782
220.48931, 56.93033, 1332.09308
322.15895, 23.89596, 943.00418
278.77694, 95.16001, 915.26601
292.44853, 80.44725, 928.26516
67.52777, 59.76252, 1120.15049
22.65329, 71.22780, 1142.89352
157.87592, 169.58317, 1082.28234
145.36397, 195.00709, 125.44468
124.12036, 3.17360, 1246.23008
187.38985, 1.27389, 1109.10904
139.66261, 155.04177, 921.62856
159.16759, 8.78748, 1034.07549
213.81295, 177.44222, 45.21334
389.15508, 3.48911, 709.55136
24.92685, 12.75822, 561.91263
237.69462, 92.20057, 530.32114
115.25798, 174.89906, 279.99844
377.11483, 0.57567, 814.43374
3.32387, 0.02330, 1210.69936
30.89877, 63.54669, 1202.84130
166.82274, 90.08045, 1185.48865
186.23584, 93.56012, 537.69883
353.50974, 72.60347, 923.67606
34.79528, 167.21387, 372.94286
203.62279, 46.36278, 498.68506
49.75529, 147.18066, 323.17019
106.83921, 2.43786, 1346.64491
117.44418, 49.59828, 668.65236
26.22073, 3.64361, 1270.34100
240.05193, 137.11588, 841.39243
391.04103, 14.71073, 814.64500
26.36837, 9.71005, 1224.95093
151.05085, 114.95317, 147.82887
281.18538, 11.62335, 900.79305
116.20167, 205.12465, 926.45550
2.92869, 1.53803, 362.98420
37.51412, 155.04578, 1067.74618
679.76964, 2.92257, 627.63620
31.42812, 151.57797, 1081.22273
96.53185, 64.66763, 1365.53715
13.00094, 85.63415, 1525.70586
89.80973, 131.09203, 984.12637
72.34572, 174.44590, 201.84982
7.32559, 92.83959, 1085.37590
52.76097, 195.15397, 83.86822
401.22814, 84.09684, 323.33384
183.76619, 28.62406, 972.34763
27.76668, 11.54912, 1357.29887
213.49165, 105.78745, 452.32350
50.58027, 3.09082, 1448.61759
503.53897, 103.83635, 669.54533
153.84932, 217.63555, 133.53654
43.51028, 63.50975, 1122.22806
312.14501, 23.29294, 1026.81888
20.76158, 282.17951, 504.55988
457.32392, 52.75758, 3.46422
340.94660, 91.36488, 147.94369
425.20914, 71.94859, 713.79271
344.73036, 117.84017, 157.82833
175.96141, 204.38975, 875.07709
393.37280, 15.31193, 250.38742
90.72483, 175.20843, 21.48136
65.52551, 117.27808, 417.14695
4.03822, 4.00550, 1325.42789
72.49993, 90.00094, 1030.22103
6.87168, 33.53042, 1239.81093
205.20076, 211.50712, 332.12335
37.87688, 121.93734, 499.69927
351.43972, 115.51979, 329.60462
7.28591, 260.92143, 320.34974
96.37275, 250.80469, 227.74074
77.73929, 15.50880, 1152.18240
348.29401, 38.18033, 106.07244
27.05797, 48.31128, 1332.36206
1.27809, 16.53862, 1111.86421
264.77430, 109.24760, 932.21388
370.76364, 9.82090, 886.64683
207.44950, 230.39063, 255.41623
253.03815, 117.08199, 999.72098
183.72863, 72.83853, 1159.18422
230.55910, 15.06683, 1037.73668
289.11581, 6.37065, 975.29800
81.42905, 71.49736, 1038.04128
131.13579, 82.84596, 73.27054
504.90673, 145.32202, 861.49421
17.82054, 48.64749, 658.02290
10.10759, 205.39514, 1444.67803
53.42618, 3.12290, 617.28761
132.67540, 226.43258, 324.11059
35.88532, 175.77260, 1040.36086
0.32198, 2.11030, 1195.42244
200.71375, 178.66783, 436.29120
149.93890, 44.47755, 1146.31225
271.21944, 207.43328, 94.29440
108.76547, 197.25516, 1004.08410
147.75184, 93.14967, 613.55588
103.20451, 79.13021, 1199.03733
186.15812, 188.78035, 1221.05198
61.60075, 1.40587, 1710.50754
86.08081, 39.68856, 625.67318
116.55229, 54.28645, 1173.37493
544.35948, 39.04573, 47.49855
215.33213, 29.93585, 1083.99560
328.12943, 56.49326, 201.44838
226.47870, 98.25110, 445.49693
186.80946, 100.18097, 574.28409
255.92855, 140.32263, 151.33847
465.79590, 15.82129, 43.73366
184.66309, 190.27285, 22.74333
427.30849, 38.49987, 175.29513
49.14034, 12.81517, 1044.77562
176.09780, 63.91553, 1051.48028
83.20913, 187.69022, 457.71191
203.10090, 102.74056, 553.11674
28.14236, 95.32588, 592.18993
72.64235, 38.56131, 1045.40470
66.93581, 69.43742, 1059.55917
10.60644, 121.94171, 614.41107
515.31666, 57.42890, 230.44579
485.78559, 42.17188, 785.78486
488.14701, 86.13566, 93.14868
167.36422, 113.52402, 1022.53957
405.87593, 29.36283, 978.36590
237.76925, 98.01584, 124.13938
104.12399, 28.40745, 1279.89110
12.92534, 6.16704, 1143.83240
0.73330, 0.22104, 1086.00765
211.58718, 165.60314, 236.59615
41.48262, 116.18861, 596.68985
199.85866, 131.69818, 1318.22368
342.65618, 35.58742, 383.11146
44.81269, 12.02012, 1447.56619
603.41888, 96.65639, 77.70341
488.37826, 61.39560, 926.47117
259.35323, 55.89935, 906.44758
93.96421, 210.81027, 385.01268
38.46556, 16.71619, 1100.25522
530.34813, 103.15176, 644.02502
341.95269, 155.35339, 165.00336
449.44758, 33.10061, 723.47679
24.12690, 24.49989, 756.36713
84.94837, 136.46194, 1068.29211
331.77016, 19.51046, 814.01553
206.06693, 7.71582, 1033.91465
171.52431, 105.14480, 1139.84544
11.00788, 163.36147, 707.10915
416.71748, 31.79506, 151.66984
15.88205, 158.36581, 514.09483
498.95268, 69.37204, 980.92567
370.44374, 123.90407, 908.34988
61.35619, 27.19181, 1202.46778
125.95853, 217.30767, 108.46178
282.28253, 5.23329, 1067.19533
13.93759, 14.83707, 1295.75086
154.78264, 105.21752, 941.70192
536.83266, 163.11301, 55.33412
77.09968, 2.63557, 1068.00755
344.29221, 118.54865, 306.81275
173.53175, 50.02747, 1419.72907
621.12928, 26.73695, 804.53905
378.66498, 54.24330, 960.90953
108.76157, 235.33786, 172.26505
94.79505, 163.17997, 1053.23679
702.95555, 94.58110, 588.64014
241.35978, 240.72352, 303.88239
437.32683, 89.22896, 36.27368
97.24531, 38.86211, 1062.88597
68.55392, 113.11023, 1289.86069
86.26530, 115.54074, 305.63813
286.74824, 152.16359, 158.02618
103.34042, 98.39865, 1022.40468
65.04421, 210.28399, 163.63728
167.49049, 33.52291, 1161.66552
454.60535, 194.11726, 111.68321
262.29304, 3.86121, 1064.24712
153.13923, 30.25731, 1080.00543
218.82591, 57.58529, 949.84559
174.28608, 14.03312, 976.82055

 Final Population: 
1.04982, 0.36632, 2.15109
1.04982, 0.36632, 2.15109
1.04982, 0.36632, 2.15109
1.04982, 0.36632, 2.15109
1.04982, 0.36632, 2.15109
1.04982, 0.36632, 2.15109
1.04982, 0.36632, 2.15109
1.04982, 0.36632, 2.15109
1.04982, 0.36632, 2.15109
1.04982, 0.36632, 2.15109
1.04982, 0.36632, 2.15109
1.04982, 0.36632, 2.15109
1.04982, 0.36632, 2.15109
1.04982, 0.36632, 2.15109
1.04982, 0.36632, 2.15109
1.04982, 0.36632, 2.15109
1.04982, 0.36632, 2.15109
1.04982, 0.36632, 2.15109
1.04982, 0.36632, 2.15109
1.04982, 0.36632, 2.15109
1.04982, 0.36632, 2.15109
1.04982, 0.36632, 2.15109
1.04982, 0.36632, 2.15109
1.04982, 0.36632, 2.15109
1.04982, 0.36632, 2.15109
1.04982, 0.36632, 2.15109
1.04982, 0.36632, 2.15109
1.04982, 0.36632, 2.15109
1.04982, 0.36632, 2.15109
1.04982, 0.36632, 2.15109
1.04982, 0.36632, 2.15109
1.04982, 0.36632, 2.15109
1.04982, 0.36632, 2.15109
1.04982, 0.36632, 2.15109
1.04982, 0.36632, 2.15109
1.04982, 0.36632, 2.15109
1.04982, 0.36632, 2.15109
1.04982, 0.36632, 2.15109
1.04982, 0.36632, 2.15109
1.04982, 0.36632, 2.15109
1.04982, 0.36632, 2.15109
1.04982, 0.36632, 2.15109
1.04982, 0.36632, 2.15109
1.04982, 0.36632, 2.15109
1.04982, 0.36632, 2.15109
1.04982, 0.36632, 2.15109
1.04982, 0.36632, 2.15109
1.04982, 0.36632, 2.15109
1.04982, 0.36632, 2.15109
1.04982, 0.36632, 2.15109
1.04982, 0.36632, 2.15109
1.04982, 0.36632, 2.15109
1.04982, 0.36632, 2.15109
1.04982, 0.36632, 2.15109
1.04982, 0.36632, 2.15109
1.04982, 0.36632, 2.15109
1.04982, 0.36632, 2.15109
1.04982, 0.36632, 2.15109
1.04982, 0.36632, 2.15109
1.04982, 0.36632, 2.15109
1.04982, 0.36632, 2.15109
1.04982, 0.36632, 2.15109
1.04982, 0.36632, 2.15109
1.04982, 0.36632, 2.15109
1.04982, 0.36632, 2.15109
1.04982, 0.36632, 2.15109
1.04982, 0.36632, 2.15109
1.04982, 0.36632, 2.15109
1.04982, 0.36632, 2.15109
1.04982, 0.36632, 2.15109
1.04982, 0.36632, 2.15109
1.04982, 0.36632, 2.15109
1.04982, 0.36632, 2.15109
1.04982, 0.36632, 2.15109
1.04982, 0.36632, 2.15109
1.04982, 0.36632, 2.15109
1.04982, 0.36632, 2.15109
1.04982, 0.36632, 2.15109
1.04982, 0.36632, 2.15109
1.04982, 0.36632, 2.15109
1.04982, 0.36632, 2.15109
1.04982, 0.36632, 2.15109
1.04982, 0.36632, 2.15109
1.04982, 0.36632, 2.15109
1.04982, 0.36632, 2.15109
1.04982, 0.36632, 2.15109
1.04982, 0.36632, 2.15109
1.04982, 0.36632, 2.15109
1.04982, 0.36632, 2.15109
1.04982, 0.36632, 2.15109
1.04982, 0.36632, 2.15109
1.04982, 0.36632, 2.15109
1.04982, 0.36632, 2.15109
1.04982, 0.36632, 2.15109
1.04982, 0.36632, 2.15109
1.04982, 0.36632, 2.15109
1.04982, 0.36632, 2.15109
1.04982, 0.36632, 2.15109
1.04982, 0.36632, 2.15109
1.04982, 0.36632, 2.15109
1.04982, 0.36632, 2.15109
1.04982, 0.36632, 2.15109
1.04982, 0.36632, 2.15109
1.04982, 0.36632, 2.15109
1.04982, 0.36632, 2.15109
1.04982, 0.36632, 2.15109
1.04982, 0.36632, 2.15109
1.04982, 0.36632, 2.15109
1.04982, 0.36632, 2.15109
1.04982, 0.36632, 2.15109
1.04982, 0.36632, 2.15109
1.04982, 0.36632, 2.15109
1.04982, 0.36632, 2.15109
1.04982, 0.36632, 2.15109
1.04982, 0.36632, 2.15109
1.04982, 0.36632, 2.15109
1.04982, 0.36632, 2.15109
1.04982, 0.36632, 2.15109
1.04982, 0.36632, 2.15109
1.04982, 0.36632, 2.15109
1.04982, 0.36632, 2.15109
1.04982, 0.36632, 2.15109
1.04982, 0.36632, 2.15109
1.04982, 0.36632, 2.15109
1.04982, 0.36632, 2.15109
1.04982, 0.36632, 2.15109
1.04982, 0.36632, 2.15109
1.04982, 0.36632, 2.15109
1.04982, 0.36632, 2.15109
1.04982, 0.36632, 2.15109
1.04982, 0.36632, 2.15109
1.04982, 0.36632, 2.15109
1.04982, 0.36632, 2.15109
1.04982, 0.36632, 2.15109
1.04982, 0.36632, 2.15109
1.04982, 0.36632, 2.15109
1.04982, 0.36632, 2.15109
1.04982, 0.36632, 2.15109
1.04982, 0.36632, 2.15109
1.04982, 0.36632, 2.15109
1.04982, 0.36632, 2.15109
1.04982, 0.36632, 2.15109
1.04982, 0.36632, 2.15109
1.04982, 0.36632, 2.15109
1.04982, 0.36632, 2.15109
1.04982, 0.36632, 2.15109
1.04982, 0.36632, 2.15109
1.04982, 0.36632, 2.15109
1.04982, 0.36632, 2.15109
1.04982, 0.36632, 2.15109
1.04982, 0.36632, 2.15109
1.04982, 0.36632, 2.15109
1.04982, 0.36632, 2.15109
1.04982, 0.36632, 2.15109
1.04982, 0.36632, 2.15109
1.04982, 0.36632, 2.15109
1.04982, 0.36632, 2.15109
1.04982, 0.36632, 2.15109
1.04982, 0.36632, 2.15109
1.04982, 0.36632, 2.15109
1.04982, 0.36632, 2.15109
1.04982, 0.36632, 2.15109
1.04982, 0.36632, 2.15109
1.04982, 0.36632, 2.15109
1.04982, 0.36632, 2.15109
690.39437, 19.03179, 1541.38266
690.39437, 19.03179, 1541.38266
690.39437, 19.03179, 1541.38266
690.39437, 19.03179, 1541.38266
690.39437, 19.03179, 1541.38266
690.39437, 19.03179, 1541.38266
690.39437, 19.03179, 1541.38266
690.39437, 19.03179, 1541.38266
690.39437, 19.03179, 1541.38266
690.39437, 19.03179, 1541.38266
690.39437, 19.03179, 1541.38266
690.39437, 19.03179, 1541.38266
690.39437, 19.03179, 1541.38266
690.39437, 19.03179, 1541.38266
690.39437, 19.03179, 1541.38266
690.39437, 19.03179, 1541.38266
690.39437, 19.03179, 1541.38266
690.39437, 19.03179, 1541.38266
690.39437, 19.03179, 1541.38266
690.39437, 19.03179, 1541.38266
690.39437, 19.03179, 1541.38266
690.39437, 19.03179, 1541.38266
690.39437, 19.03179, 1541.38266
690.39437, 19.03179, 1541.38266
690.39437, 19.03179, 1541.38266
630.42257, 17.37858, 1593.41903
630.58167, 17.38296, 1593.82117
630.58167, 17.38296, 1593.82117
630.58167, 17.38296, 1593.82117
630.58167, 17.38296, 1593.82117
630.58167, 17.38296, 1593.82117
630.58167, 17.38296, 1593.82117
630.58167, 17.38296, 1593.82117
630.58167, 17.38296, 1593.82117
630.58167, 17.38296, 1593.82117
630.58167, 17.38296, 1593.82117
630.58167, 17.38296, 1593.82117
630.58167, 17.38296, 1593.82117
630.58167, 17.38296, 1593.82117
630.58167, 17.38296, 1593.82117
630.58167, 17.38296, 1593.82117
630.58167, 17.38296, 1593.82117
630.58167, 17.38296, 1593.82117
630.58167, 17.38296, 1593.82117
630.58167, 17.38296, 1593.82117
630.58167, 17.38296, 1593.82117
630.58167, 17.38296, 1593.82117
630.58167, 17.38296, 1593.82117
630.58167, 17.38296, 1593.82117
630.58167, 17.38296, 1593.82117
662.79637, 49.81623, 1514.17139
662.79637, 49.81623, 1514.17139
662.79637, 49.81623, 1514.17139
663.52653, 49.87111, 1515.83945
665.11482, 49.99049, 1519.46793
673.08776, 50.58974, 1537.68229
673.09160, 50.59003, 1537.69105
673.09160, 50.59003, 1537.69105
673.09160, 50.59003, 1537.69105
673.09160, 50.59003, 1537.69105
673.09160, 50.59003, 1537.69105
673.09160, 50.59003, 1537.69105
673.09160, 50.59003, 1537.69105
673.09160, 50.59003, 1537.69105
673.09160, 50.59003, 1537.69105
673.09160, 50.59003, 1537.69105
673.09160, 50.59003, 1537.69105
673.09160, 50.59003, 1537.69105
673.09160, 50.59003, 1537.69105
673.09160, 50.59003, 1537.69105
673.09160, 50.59003, 1537.69105
673.09160, 50.59003, 1537.69105
673.09160, 50.59003, 1537.69105
673.09160, 50.59003, 1537.69105
673.09160, 50.59003, 1537.69105
673.09160, 50.59003, 1537.69105
673.09160, 50.59003, 1537.69105
673.09160, 50.59003, 1537.69105
673.09160, 50.59003, 1537.69105
673.09160, 50.59003, 1537.69105
673.09160, 50.59003, 1537.69105
673.09160, 50.59003, 1537.69105
226.36647, 306.59043, 795.96494
745.58049, 56.03834, 1110.82564
308.50242, 107.64814, 632.12425
269.54034, 20.25884, 615.77023
64.14051, 22.38104, 131.42448
316.26459, 110.35665, 648.02901
36.70431, 12.80752, 115.31995
308.50242, 107.64814, 632.12425
472.77271, 13.03271, 1194.95251
617.06048, 17.01023, 1377.65656
1.04982, 0.36632, 2.15109
653.57044, 49.12280, 680.05775
246.54986, 86.03055, 505.18291
123.23615, 3.39720, 275.13849
123.23615, 3.39720, 275.13849
365.14488, 10.06579, 922.91873
36.70431, 12.80752, 115.31995
673.09160, 50.59003, 1537.69105
263.45524, 7.26255, 588.19330
774.79898, 21.35854, 1128.12887
425.87598, 148.60421, 872.62375
64.14051, 22.38104, 131.42448
367.94619, 128.39032, 753.92509
192.97078, 5.31954, 487.74159
533.51463, 40.09933, 1218.82471
64.14051, 22.38104, 131.42448
188.14406, 65.65057, 385.50889
367.94619, 128.39032, 753.92509
118.82010, 8.93060, 271.44687
577.55910, 15.92131, 1459.80443
606.82206, 16.72799, 1533.76778
420.30317, 146.65964, 861.20502
25.88898, 9.03364, 92.08469
164.15349, 53.62460, 567.48132
642.87044, 48.31859, 1468.65022
425.87598, 148.60421, 872.62375
690.39437, 19.03179, 1541.38266
662.79637, 49.81623, 1514.17139
171.25592, 4.72094, 432.85639
60.02527, 20.94508, 122.99232
125.32090, 43.72919, 256.78366
64.14051, 22.38104, 131.42448
7.32606, 0.20195, 1797.84664
188.14406, 65.65057, 385.50889
288.43661, 21.67909, 658.93912
123.23615, 3.39720, 275.13849
1.04982, 0.36632, 2.15109
630.58167, 17.38296, 1593.82117
103.01868, 2.83987, 260.38397
531.92634, 39.97995, 1215.19622
188.14406, 65.65057, 385.50889
690.39437, 19.03179, 1541.38266
589.56913, 44.31242, 1346.88232
400.25806, 139.66515, 119.03401
617.48764, 17.02201, 1378.61024
365.14488, 10.06579, 922.91873
103.01868, 2.83987, 260.38397
1.04982, 0.36632, 2.15109
55.49432, 183.07743, 601.52260
188.14406, 65.65057, 385.50889
64.14051, 22.38104, 131.42448
246.54986, 86.03055, 505.18291
367.94619, 128.39032, 753.92509
250.52349, 6.90607, 559.32172
145.81188, 50.87927, 298.76987
472.01818, 164.70496, 967.16955
43.59695, 3.27678, 730.30310
125.32090, 43.72919, 256.78366
630.57802, 17.38286, 1593.81194
246.54986, 86.03055, 505.18291
298.16124, 8.21928, 753.61482
472.92411, 13.03689, 1055.85598
188.14406, 65.65057, 385.50889
64.14051, 22.38104, 131.42448
118.82010, 8.93060, 271.44687
630.42257, 17.37858, 1593.41903
394.21675, 29.62960, 900.59595
690.39437, 19.03179, 1541.38266
188.14406, 65.65057, 385.50889
531.92634, 39.97995, 1215.19622
256.31705, 19.26497, 585.56136
123.23615, 3.39720, 275.13849
690.39437, 19.03179, 1541.38266
308.50242, 107.64814, 632.12425
196.59480, 5.41944, 438.91988
774.79898, 21.35854, 1128.12887
690.39437, 19.03179, 1541.38266
367.94619, 128.39032, 753.92509
1.04982, 0.36632, 2.15109
182.90872, 13.74755, 417.85858
309.45595, 107.98086, 634.07805
483.38699, 13.32531, 1221.78055
230.25775, 80.34562, 471.80022
337.26286, 117.68375, 691.05467
133.00489, 81.22632, 640.72844
425.87598, 148.60421, 872.62375
323.84198, 24.34019, 739.82341
635.21325, 47.74307, 1451.15722
125.31752, 43.72801, 256.77674
173.48542, 213.96875, 1227.39166
233.89011, 6.44754, 591.16689
545.94704, 15.04988, 1218.88784
365.14488, 10.06579, 922.91873
755.23330, 56.76385, 1125.20716
256.31705, 19.26497, 585.56136
630.58167, 17.38296, 1593.82117
82.28916, 203.98798, 688.14097
488.98797, 170.62636, 1001.94079
488.98797, 170.62636, 1001.94079
460.56260, 34.61620, 1052.16436
54.55300, 317.30003, 1543.37172
188.14406, 65.65057, 385.50889
233.89011, 6.44754, 591.16689
209.46735, 73.09106, 429.20050
323.84198, 24.34019, 739.82341
365.14488, 10.06579, 922.91873
483.86076, 168.83728, 368.48947
629.39160, 17.35016, 1590.81322
196.59480, 5.41944, 438.91988
742.77355, 55.82737, 1106.64364
64.14051, 22.38104, 131.42448
488.98797, 170.62636, 1001.94079
188.14406, 65.65057, 385.50889
64.14051, 22.38104, 131.42448
529.84518, 14.60601, 1182.93863
431.76481, 32.45174, 986.37524
630.58167, 17.38296, 1593.82117
164.89702, 57.53880, 337.87549
583.54145, 203.61964, 461.47518
171.25592, 4.72094, 432.85639
483.29407, 168.63954, 990.27394
125.32090, 43.72919, 256.78366
246.54986, 86.03055, 505.18291
5.10541, 1.78147, 27.34318
233.89011, 6.44754, 591.16689
103.01868, 2.83987, 260.38397
425.87598, 148.60421, 872.62375
171.25592, 4.72094, 432.85639
65.74764, 22.94184, 598.77610
617.06048, 17.01023, 1377.65656
76.42627, 2.10681, 416.70018
774.79898, 21.35854, 1128.12887
1.04982, 0.36632, 2.15109
333.02476, 9.18034, 743.51502
601.42397, 45.20344, 1373.96494
233.89011, 6.44754, 591.16689
36.70431, 12.80752, 115.31995
179.72370, 62.71238, 368.25550
649.28755, 48.80090, 1483.31023
545.94704, 15.04988, 1218.88784
562.36747, 15.50253, 1421.40696
207.55050, 72.42220, 425.27286
367.94619, 128.39032, 753.92509
426.46304, 148.80905, 792.41042
188.14406, 65.65057, 385.50889
545.94704, 15.04988, 1218.88784
548.90675, 41.25621, 1253.98831
277.13289, 20.82950, 633.11556
164.85976, 57.52580, 337.79916
1.04982, 0.36632, 2.15109
690.39437, 19.03179, 1541.38266
246.54986, 86.03055, 505.18291
593.36558, 94.39691, 956.50667
188.14406, 65.65057, 385.50889
1.04982, 0.36632, 2.15109
112.54170, 225.54599, 779.95540
562.36747, 15.50253, 1421.40696
367.94619, 128.39032, 753.92509
530.86039, 39.89983, 962.96087
118.82010, 8.93060, 271.44687
331.78028, 9.14604, 838.58832
591.12874, 44.42964, 1350.44528
323.84198, 24.34019, 739.82341
367.94619, 128.39032, 753.92509
428.13464, 11.80220, 1082.12796
188.14406, 65.65057, 385.50889
196.59480, 5.41944, 438.91988
263.92988, 7.27564, 589.25298
228.60814, 6.30194, 577.81650
374.77554, 10.33127, 947.26062
488.98797, 170.62636, 1001.94079
472.92411, 13.03689, 1055.85598
6.22071, 140.30142, 429.78142
232.70004, 6.41474, 588.15894
774.79898, 21.35854, 1128.12887
323.84198, 24.34019, 739.82341
258.34330, 90.14573, 529.34778
367.94619, 128.39032, 753.92509
529.17646, 14.58757, 1181.44564
473.95091, 13.06519, 1197.93046
246.54986, 86.03055, 505.18291
367.94619, 128.39032, 753.92509
246.54986, 86.03055, 505.18291
125.32090, 43.72919, 256.78366
166.57404, 58.12397, 341.31172
36.70431, 12.80752, 115.31995
531.92634, 39.97995, 1215.19622
562.36747, 15.50253, 1421.40696
373.94923, 130.48500, 766.22537
630.58167, 17.38296, 1593.82117
274.04614, 7.55451, 692.66291
233.89011, 6.44754, 591.16689
300.08206, 104.70996, 614.87087
36.70431, 12.80752, 115.31995
614.49151, 46.18560, 1509.02588
64.14051, 22.38104, 131.42448
10.03353, 3.50108, 20.55879
531.92634, 39.97995, 1215.19622
617.06048, 17.01023, 1377.65656
591.12874, 44.42964, 1350.44528
774.79898, 21.35854, 1128.12887
179.72370, 62.71238, 368.25550
521.63111, 39.20615, 1191.67656
630.58167, 17.38296, 1593.82117
1.04982, 0.36632, 2.15109
190.51193, 14.31901, 435.22826
1.04982, 0.36632, 2.15109
188.14406, 65.65057, 385.50889
531.06796, 21.37340, 1347.89864
145.69028, 4.01618, 368.23820
551.23054, 15.19553, 1230.68385
167.46770, 12.58699, 382.58327
125.31752, 43.72801, 256.77674
469.76480, 12.94980, 1048.80247
488.98797, 170.62636, 1001.94079
10.34024, 32.09336, 463.80810
196.59480, 5.41944, 438.91988
36.70431, 12.80752, 115.31995
196.59480, 5.41944, 438.91988
308.50242, 107.64814, 632.12425
188.14406, 65.65057, 385.50889
246.54986, 86.03055, 505.18291
488.98797, 170.62636, 1001.94079
394.21675, 29.62960, 900.59595
367.94619, 128.39032, 753.92509
118.82010, 8.93060, 271.44687
118.82010, 8.93060, 271.44687
190.51193, 14.31901, 435.22826
305.78803, 106.70099, 626.56246
472.92411, 13.03689, 1055.85598
380.46791, 157.50463, 1296.50069
25.88898, 9.03364, 92.08469
545.94704, 15.04988, 1218.88784
125.32090, 43.72919, 256.78366
488.98797, 170.62636, 1001.94079
74.82338, 312.33040, 1008.97201
367.94619, 128.39032, 753.92509
118.82010, 8.93060, 271.44687
591.12874, 44.42964, 1350.44528
498.80276, 13.75027, 1113.63296
630.58167, 17.38296, 1593.82117
308.50242, 107.64814, 632.12425
617.06048, 17.01023, 1377.65656
divergence_from_baseline:191.609929704
