
Model: DTLZ_1
Args:
	number of decisions: 10
	number of objectives: 3Settings: 
{	:better <function lt at 0x107b0f1b8>
 	:candidates 500
 	:era 100
 	:gens 500
 	:lives 3
 	:mutate_prob 0.25
 	:patience 3
 	:retain 0.33
}
Baseline Population: 
2.65242, 102.65636, 312.57436
25.80408, 347.64469, 202.84810
130.14258, 421.22933, 51.00282
67.20300, 52.95778, 505.22683
88.02025, 320.08207, 45.70687
116.63723, 149.49016, 360.42667
22.92302, 7.03049, 811.89162
33.69347, 97.05414, 276.48173
1.39529, 0.44834, 375.78839
8.46042, 207.75689, 214.18100
20.52166, 465.71312, 63.16215
284.30916, 14.67120, 426.63849
24.61795, 57.48265, 334.15149
330.00316, 70.97313, 31.24692
52.90679, 19.52423, 374.50254
121.47156, 105.70849, 383.21555
267.34355, 202.30890, 61.25376
0.79700, 6.47303, 609.79724
67.91703, 359.23594, 250.27967
192.94404, 178.25728, 122.18772
27.88143, 394.02516, 146.81537
32.13415, 16.96077, 582.53338
259.32324, 104.94415, 155.83109
84.96296, 38.04921, 297.27851
106.63826, 90.54028, 495.68508
52.37496, 69.05953, 517.01315
21.84552, 17.42507, 508.02775
33.57747, 393.24375, 5.55367
352.33443, 13.15206, 306.91145
209.42394, 230.33102, 19.70620
90.26010, 5.29922, 542.63168
189.60216, 82.61818, 149.03813
33.09499, 1.92618, 650.96823
164.03714, 248.78786, 85.43549
35.62734, 243.58884, 458.06273
130.65887, 107.67312, 144.10824
82.86509, 67.85567, 485.10712
108.23611, 203.97398, 104.02127
27.36092, 429.70686, 181.20224
0.15779, 0.40864, 702.65291
213.12082, 331.55877, 5.28553
167.10905, 82.69059, 260.72194
37.99347, 36.97673, 362.75067
55.75657, 203.68199, 117.95972
225.69823, 259.34837, 5.73937
39.82727, 430.95975, 176.27222
232.58345, 97.21138, 147.17972
187.06763, 25.64249, 392.41292
197.61448, 141.53659, 130.85454
100.81360, 24.54002, 434.09024
200.51305, 50.90046, 195.48114
313.15203, 152.41571, 22.93245
130.67993, 402.31183, 137.29935
286.38708, 5.36321, 359.11322
219.79795, 134.91773, 150.82447
60.21392, 384.88677, 8.07958
31.00516, 80.92554, 296.57104
26.55009, 70.33264, 344.19132
79.52566, 152.16825, 274.21286
152.60554, 338.75641, 0.00441
110.92745, 445.52724, 64.71910
28.58663, 0.45485, 310.82666
44.05910, 222.19279, 171.85044
1.74843, 1.21550, 323.98323
4.14246, 172.38091, 234.65573
200.46654, 169.33735, 7.60959
86.45869, 226.19709, 161.11351
214.93016, 145.31100, 39.42490
21.30812, 246.01887, 167.36605
233.72414, 150.01193, 53.33361
268.35657, 142.86423, 42.75405
17.66574, 141.10661, 124.73941
12.18615, 144.71673, 298.37500
285.67148, 84.23340, 281.81719
191.62501, 30.09202, 448.67457
70.62803, 4.92542, 520.82396
59.22727, 131.82859, 302.98466
86.97293, 112.52867, 413.78843
310.14794, 246.87628, 198.16798
30.83680, 360.80410, 13.20906
187.62340, 51.48257, 161.04376
166.46649, 67.21708, 125.84423
72.29617, 230.39613, 124.53123
299.73733, 255.21735, 1.47391
61.37600, 260.62592, 129.10931
46.58114, 337.51856, 81.00687
2.27893, 44.42612, 384.66899
187.02255, 188.91126, 136.34171
96.43727, 632.28628, 143.24236
629.63948, 43.77485, 27.82276
159.88952, 101.24224, 197.87053
138.50348, 382.42365, 117.73228
375.61114, 105.35047, 4.16557
160.61941, 88.09689, 457.02444
146.40175, 29.61958, 207.78418
23.19404, 187.52781, 281.14945
7.06094, 17.30325, 568.51839
28.26505, 19.32415, 280.10168
18.52090, 17.95330, 508.07863
24.73739, 15.24065, 358.25977
108.36765, 254.04569, 75.59180
29.50788, 132.36282, 499.67407
64.95053, 102.79883, 312.40294
27.12668, 151.85540, 599.99996
106.19594, 290.03530, 223.16288
154.57572, 46.52971, 252.26731
98.93972, 217.70614, 119.66371
9.91662, 538.12798, 245.11722
119.95341, 312.66499, 19.73974
177.63617, 325.94681, 167.11034
298.30597, 6.95215, 324.63654
4.32716, 498.76659, 105.20098
52.64199, 148.20018, 418.37422
64.62081, 240.43160, 184.20181
73.35996, 122.95029, 455.50121
26.45391, 106.45741, 279.66492
22.12016, 16.67936, 635.12135
433.94181, 12.48992, 122.58195
131.44682, 286.48839, 312.64892
224.99639, 398.66563, 67.55844
20.59097, 0.88563, 592.33022
9.20413, 281.03353, 67.07681
14.93351, 140.07489, 429.38234
153.27158, 67.70219, 240.95964
24.47270, 68.97786, 305.84078
10.42244, 21.87869, 669.06829
23.20956, 253.89893, 125.51850
34.32430, 253.52992, 178.15707
134.12128, 62.26868, 457.90294
502.96120, 48.27517, 9.37289
125.56138, 36.29781, 221.99890
24.09483, 218.68155, 22.48632
221.82071, 239.34286, 213.88120
73.21739, 71.92933, 277.72918
67.11768, 87.03085, 339.42368
13.11463, 43.47682, 597.49533
24.04957, 390.77147, 15.83134
114.73433, 254.87824, 101.24139
416.67542, 2.74323, 189.75189
37.29082, 217.73027, 372.93231
135.25636, 49.02091, 428.28413
322.05949, 18.44153, 271.31117
105.67885, 54.02358, 553.46457
114.11866, 228.58041, 92.66513
14.92455, 203.34422, 650.52726
1.15287, 117.66001, 447.52044
402.05338, 119.58681, 103.00743
186.89121, 117.07030, 376.18065
357.86302, 139.76146, 172.41708
202.78040, 40.89920, 115.76930
33.12090, 5.43587, 498.42841
52.48587, 61.95585, 677.52999
423.44718, 38.51350, 98.65952
201.84471, 219.39173, 41.54126
132.23224, 163.50197, 137.58724
75.75312, 162.54122, 165.29323
11.12824, 95.32035, 517.62086
94.57937, 25.89277, 122.88107
6.39053, 213.38678, 368.40173
27.01248, 3.88206, 661.03456
403.79769, 195.66391, 112.34208
72.24257, 125.01132, 590.06477
114.57926, 7.26258, 551.25311
0.43410, 91.30876, 519.35761
394.73192, 197.57145, 103.76815
61.70999, 295.74293, 62.79381
102.21933, 69.73997, 181.92654
76.76099, 65.83163, 496.35769
348.40126, 73.38796, 51.61638
2.81600, 38.92869, 537.79467
111.48572, 288.92637, 260.44287
120.55576, 117.89764, 0.56653
292.50274, 15.41364, 158.31467
180.11024, 390.34367, 116.75698
232.93731, 95.46800, 139.26018
36.57481, 208.21642, 184.99683
220.75876, 116.32562, 136.10952
31.25817, 76.49884, 543.26168
132.94290, 21.37786, 471.52501
154.09728, 0.73581, 435.05601
19.38772, 253.65841, 353.54652
278.11929, 89.49996, 310.14061
492.46721, 184.67691, 37.11286
43.28528, 5.17082, 251.16072
195.67265, 111.98003, 130.38795
35.06204, 129.69849, 275.35604
17.63015, 43.04739, 221.01016
471.09241, 115.97080, 95.60593
205.49239, 211.79423, 270.43079
80.78313, 259.30139, 412.57946
34.06165, 83.06849, 489.24426
130.70518, 428.10400, 43.00246
88.13163, 8.62744, 319.02055
125.31903, 171.25959, 358.28935
62.56477, 310.06259, 320.96785
118.38412, 318.03536, 209.05353
406.48323, 226.89492, 121.93195
34.22224, 16.11850, 514.05630
47.72886, 42.03516, 521.79728
39.20740, 171.60943, 25.93731
14.89377, 209.60449, 241.74124
96.42031, 547.69558, 13.19175
549.55440, 50.92820, 22.93158
178.40775, 69.42420, 441.74958
2.59435, 17.32533, 559.06851
229.92430, 64.40701, 135.07242
76.65491, 89.92493, 535.04410
98.45434, 38.60346, 98.55769
106.54654, 206.99499, 322.10844
73.77536, 44.55363, 331.52545
277.42101, 73.64640, 264.76343
305.04372, 127.86677, 6.67460
86.68931, 93.52699, 120.35250
153.11354, 170.24865, 326.98445
70.44480, 403.68379, 189.60867
3.99281, 4.35090, 377.60430
157.57372, 50.42691, 435.72003
35.61883, 217.49506, 224.54707
99.97475, 24.56025, 349.48646
80.10016, 76.20831, 467.16357
106.39621, 139.84290, 156.52726
13.42191, 8.32332, 373.19417
165.92803, 17.40671, 275.08513
109.31182, 5.84744, 314.99517
59.46325, 161.20969, 224.99092
10.77216, 176.00993, 294.28777
139.40600, 7.35719, 523.07137
161.98739, 189.14022, 176.61348
41.56087, 19.97507, 258.25364
192.42157, 482.48589, 40.50778
128.62385, 86.69741, 95.86112
10.19597, 250.75486, 356.11866
274.85260, 6.39404, 179.82369
201.17309, 131.21598, 197.27527
110.60168, 168.87105, 192.94409
72.05406, 325.52509, 92.63298
179.57330, 86.01280, 341.62104
119.98789, 34.45777, 466.31019
228.57256, 109.06426, 93.34286
629.97764, 18.73529, 40.03313
108.99438, 177.27588, 410.04174
125.37821, 11.43781, 283.15610
284.67658, 201.57656, 44.60631
31.27987, 184.47280, 147.90020
3.09859, 23.66048, 360.91521
41.56300, 192.99206, 235.38875
333.36498, 8.73972, 71.12940
115.35120, 52.98391, 273.43328
245.31327, 104.78433, 73.27072
68.07718, 162.71690, 421.41724
17.55427, 82.47919, 597.97937
3.19367, 62.98156, 570.71288
213.95108, 59.41114, 200.33779
224.74768, 53.22919, 351.99133
0.95156, 2.06465, 400.32448
188.09383, 103.84191, 215.12773
2.62771, 263.40212, 35.67219
84.74921, 63.60501, 427.68182
194.86524, 82.92897, 168.18771
28.60721, 34.15422, 622.41426
159.11780, 181.10769, 158.20867
210.87770, 26.82055, 102.48140
9.47922, 33.15841, 384.75554
55.34149, 344.71165, 192.87391
38.24743, 60.54098, 300.06996
29.70216, 266.89075, 30.57302
143.29648, 131.74770, 514.25689
100.18031, 31.27146, 321.27792
55.38083, 74.44855, 200.15374
26.88999, 222.19493, 359.83198
42.38835, 32.89412, 491.66361
148.30701, 17.56789, 420.27706
29.45712, 0.27857, 613.00378
283.93465, 104.79509, 77.48409
2.64262, 29.29819, 377.91513
2.31275, 22.97307, 588.46375
22.48692, 60.37898, 375.96874
256.99103, 27.50727, 102.78854
79.94722, 28.78821, 542.53102
160.14491, 126.81431, 78.94162
155.99266, 248.82709, 29.82732
80.92057, 505.87523, 61.73716
2.13808, 118.64266, 479.94631
45.46870, 9.77458, 475.30208
363.46469, 47.53286, 204.43057
1.70863, 1.04656, 412.61709
153.97530, 135.23789, 215.25905
192.53802, 6.19832, 255.35272
162.72997, 87.82085, 257.51003
47.88649, 247.93557, 181.19960
188.19746, 280.09248, 40.11953
218.20169, 174.98787, 55.92882
119.88696, 52.95734, 419.45041
30.96655, 233.07975, 158.55001
110.83777, 369.06621, 8.33331
12.06759, 75.61295, 551.65156
192.65773, 226.04379, 287.14578
120.48774, 242.66603, 461.60150
113.22994, 276.71674, 86.57124
106.10399, 58.85687, 301.88362
246.44615, 184.66143, 95.22923
8.44592, 72.90837, 530.76885
323.55849, 20.75201, 262.96947
19.91508, 100.02419, 556.09063
194.28081, 409.59901, 83.25552
692.05641, 32.69973, 45.25245
161.65462, 162.38996, 85.47744
7.69976, 89.94014, 559.86248
137.49873, 87.74173, 235.15342
214.09186, 28.00491, 175.04496
196.97386, 42.22419, 429.78025
400.07872, 221.61055, 97.13924
271.95399, 202.36668, 60.45021
210.43105, 210.94963, 25.68618
78.19932, 46.90078, 459.54290
43.13616, 100.14032, 332.05603
164.05403, 148.50046, 364.16304
31.83438, 44.79371, 531.29452
93.90711, 227.25336, 166.23926
249.17885, 286.21427, 15.87563
15.10705, 124.68790, 255.68166
87.28792, 64.11812, 466.98049
155.44355, 86.01563, 376.26303
147.08990, 76.94820, 401.23784
23.43338, 57.88483, 480.74826
4.82460, 6.64399, 304.54561
25.73816, 243.09578, 181.17534
183.34856, 311.14368, 37.22312
198.58863, 94.84332, 125.81785
13.48295, 21.95155, 318.57539
14.79466, 18.05223, 563.22838
115.10854, 292.28593, 17.10699
263.00344, 262.07495, 17.64481
180.05231, 42.25090, 243.54904
252.96419, 141.41825, 333.12214
34.91586, 63.03214, 457.85053
400.20032, 196.12679, 84.93775
122.91318, 5.52997, 449.74305
48.84739, 5.73623, 353.66417
147.75045, 290.52329, 40.11705
60.39313, 5.77229, 533.10566
376.98258, 161.69783, 291.63096
4.95269, 5.16981, 597.12831
28.84629, 9.18372, 700.68943
41.76898, 36.32829, 545.63978
62.13303, 42.61060, 604.94195
389.16539, 189.19642, 189.70154
201.79583, 85.14189, 171.12972
68.85515, 255.46511, 497.71868
4.19676, 30.84196, 592.55840
13.32817, 9.55572, 573.93128
30.60311, 209.85894, 242.86722
135.48251, 60.23608, 197.12986
164.18214, 91.83314, 460.47270
26.23857, 7.05565, 397.53539
66.44829, 44.75107, 362.93081
176.77176, 240.21410, 61.05159
74.58935, 26.02227, 508.02956
49.57693, 4.53412, 648.69007
0.67250, 28.90729, 224.26224
147.89238, 49.41211, 582.07249
154.10318, 32.69295, 277.42985
16.82606, 58.36260, 471.69834
329.34591, 138.01706, 163.76389
249.29449, 101.31775, 90.07567
9.10920, 19.82047, 544.90702
53.58721, 36.70404, 465.59908
68.92646, 97.99951, 461.96233
176.26215, 191.51368, 285.01542
233.33484, 76.66814, 376.72818
518.51134, 43.25008, 193.90885
195.66107, 195.45520, 54.34233
48.16644, 28.60427, 491.77051
42.69655, 86.35738, 656.62332
191.24284, 224.48105, 336.55342
82.25202, 128.15448, 237.68265
91.99657, 299.60404, 280.25665
113.35607, 176.64788, 376.61390
88.73959, 202.81122, 158.96564
300.56508, 31.87843, 122.71814
110.60665, 274.63017, 18.37408
1.95041, 34.55988, 361.09547
246.13773, 489.96052, 38.96318
26.90864, 49.48078, 498.87182
191.88469, 143.68938, 335.27516
30.64758, 25.33117, 474.73023
89.47220, 41.59711, 138.47410
55.32931, 59.24090, 339.85958
77.32779, 88.20286, 143.42321
174.68909, 240.44640, 126.01201
101.87617, 46.80786, 218.17296
323.79285, 89.10166, 191.21229
169.67055, 118.18011, 80.41734
105.39367, 254.23297, 259.07480
46.16694, 8.54326, 505.63325
116.30048, 259.24256, 81.50147
14.19673, 2.51507, 522.21486
232.47561, 227.68328, 7.79849
58.48424, 173.46027, 402.00885
87.05824, 39.47248, 284.62993
46.71274, 104.71910, 312.66095
291.35082, 79.65317, 255.31000
200.70662, 168.02555, 98.75086
150.37567, 508.70577, 40.31446
170.10086, 23.83146, 197.18175
84.95289, 74.08796, 552.34487
36.68790, 483.34837, 36.82543
349.54115, 87.15672, 168.12747
148.55161, 61.64397, 70.62997
10.97256, 89.55398, 508.52721
2.37602, 74.76386, 541.99520
170.02742, 51.37506, 372.84762
12.41229, 161.81305, 233.58785
22.42275, 1.93444, 583.70221
272.80566, 156.35794, 2.88198
2.36925, 1.93142, 610.97240
93.08704, 95.62421, 193.68400
64.35108, 27.56068, 286.07158
372.52952, 88.41019, 7.04279
0.09478, 0.73667, 425.52268
91.82762, 101.00046, 187.70325
5.48637, 42.43805, 498.37088
71.72652, 51.09174, 132.33548
418.11396, 21.47192, 249.22669
124.46058, 270.36231, 131.23292
59.37881, 320.73477, 242.75075
9.41184, 96.98283, 501.22182
83.71743, 177.17366, 105.88301
5.26667, 26.58669, 628.70711
207.37417, 214.43562, 66.23511
36.60525, 1.88357, 695.65214
238.84393, 200.26946, 330.97475
70.25498, 318.61960, 457.04566
23.58575, 233.05162, 456.59848
177.36980, 157.37384, 4.34679
29.75096, 1.74193, 752.47399
96.26605, 63.41874, 243.16525
173.01257, 0.48271, 279.45104
112.97610, 148.42390, 193.79273
226.76436, 144.67617, 99.69591
343.13649, 83.46904, 240.19387
15.39845, 13.60917, 371.65215
335.38410, 24.89062, 288.79750
7.27209, 144.20431, 513.15793
79.17616, 30.55279, 361.17197
303.52793, 165.44545, 224.43384
68.87118, 381.55612, 165.29964
33.86463, 19.56307, 555.40428
108.31388, 152.53937, 253.80500
79.31831, 248.18278, 134.68453
46.20624, 53.10152, 504.36451
71.22048, 1.40433, 317.93391
77.34175, 31.45558, 578.36018
19.65826, 374.35618, 228.18560
4.20137, 321.79575, 289.33627
40.22810, 41.32582, 207.54040
87.91580, 225.54675, 85.28065
46.64331, 9.49984, 392.76471
151.32614, 114.57912, 178.11928
118.51715, 32.01156, 419.10907
20.38437, 188.06435, 202.12404
56.44843, 25.39195, 589.69193
26.15985, 10.53982, 363.59367
165.01609, 41.66341, 241.35908
2.43668, 42.85294, 377.85299
159.14363, 332.02755, 156.88696
32.09088, 90.11786, 581.09150
30.31185, 8.08374, 340.23433
157.99729, 247.86487, 56.52225
89.59449, 15.23486, 614.31245
77.98194, 191.86482, 186.56838
50.61661, 98.44662, 268.29372
10.57801, 37.63541, 396.80868
106.10686, 65.05585, 169.49500
79.77096, 457.16401, 56.61226
353.47534, 87.78407, 2.15068
458.11047, 159.69975, 30.33949
13.37166, 148.18827, 434.76962
192.37830, 184.03002, 5.60808
14.36633, 471.32606, 128.03639
94.40507, 159.95152, 405.36511
26.82334, 149.46738, 502.27849
236.91346, 139.24177, 112.10452
186.79024, 116.13566, 127.57538
187.69719, 348.56510, 176.87661
57.75414, 22.44212, 473.32599
55.89021, 357.73955, 42.32534
393.40648, 330.97649, 53.15904
38.53702, 6.84258, 355.84917
80.61496, 168.28810, 172.96179
0.77235, 13.66894, 553.81827
42.65131, 10.79656, 386.00590
66.78926, 209.30210, 374.32783
305.77963, 157.71151, 203.12457
353.79455, 101.34055, 182.59350
93.92285, 19.11910, 622.80080
109.55186, 262.06867, 93.47612
212.92605, 140.40032, 161.01249
232.22798, 14.74333, 155.13867
184.75366, 233.88631, 41.79179

Final Population: 
0.52642, 0.52894, 1.06297
0.52642, 0.52894, 1.06297
0.52642, 0.52894, 1.06297
0.52642, 0.52894, 1.06297
0.52642, 0.52894, 1.06297
0.52642, 0.52894, 1.06297
0.52642, 0.52894, 1.06297
0.52642, 0.52894, 1.06297
0.52642, 0.52894, 1.06297
0.52642, 0.52894, 1.06297
0.52642, 0.52894, 1.06297
0.52642, 0.52894, 1.06297
0.52642, 0.52894, 1.06297
0.52642, 0.52894, 1.06297
0.52642, 0.52894, 1.06297
0.52642, 0.52894, 1.06297
0.52642, 0.52894, 1.06297
0.52642, 0.52894, 1.06297
0.52642, 0.52894, 1.06297
0.52642, 0.52894, 1.06297
0.52642, 0.52894, 1.06297
0.52642, 0.52894, 1.06297
0.52642, 0.52894, 1.06297
0.52642, 0.52894, 1.06297
0.52642, 0.52894, 1.06297
0.52642, 0.52894, 1.06297
0.52642, 0.52894, 1.06297
0.52642, 0.52894, 1.06297
0.52642, 0.52894, 1.06297
0.52642, 0.52894, 1.06297
0.52642, 0.52894, 1.06297
0.52642, 0.52894, 1.06297
0.52642, 0.52894, 1.06297
0.52642, 0.52894, 1.06297
0.52642, 0.52894, 1.06297
0.52642, 0.52894, 1.06297
0.52642, 0.52894, 1.06297
0.52642, 0.52894, 1.06297
0.52642, 0.52894, 1.06297
0.52642, 0.52894, 1.06297
0.52642, 0.52894, 1.06297
0.52642, 0.52894, 1.06297
0.52642, 0.52894, 1.06297
0.52642, 0.52894, 1.06297
0.52642, 0.52894, 1.06297
0.52642, 0.52894, 1.06297
0.52642, 0.52894, 1.06297
0.52642, 0.52894, 1.06297
0.52642, 0.52894, 1.06297
0.52642, 0.52894, 1.06297
0.52642, 0.52894, 1.06297
0.52642, 0.52894, 1.06297
0.52642, 0.52894, 1.06297
0.52642, 0.52894, 1.06297
0.52642, 0.52894, 1.06297
0.52642, 0.52894, 1.06297
0.52642, 0.52894, 1.06297
0.52642, 0.52894, 1.06297
0.52642, 0.52894, 1.06297
0.52642, 0.52894, 1.06297
0.52642, 0.52894, 1.06297
0.52642, 0.52894, 1.06297
0.52642, 0.52894, 1.06297
0.52642, 0.52894, 1.06297
0.52642, 0.52894, 1.06297
0.52642, 0.52894, 1.06297
0.52642, 0.52894, 1.06297
0.52642, 0.52894, 1.06297
0.52642, 0.52894, 1.06297
0.52642, 0.52894, 1.06297
0.52642, 0.52894, 1.06297
0.52642, 0.52894, 1.06297
0.52642, 0.52894, 1.06297
0.52642, 0.52894, 1.06297
0.52642, 0.52894, 1.06297
0.52642, 0.52894, 1.06297
0.52642, 0.52894, 1.06297
0.52642, 0.52894, 1.06297
0.52642, 0.52894, 1.06297
0.52642, 0.52894, 1.06297
0.52642, 0.52894, 1.06297
0.52642, 0.52894, 1.06297
0.52642, 0.52894, 1.06297
0.52642, 0.52894, 1.06297
0.52642, 0.52894, 1.06297
0.52642, 0.52894, 1.06297
0.52642, 0.52894, 1.06297
0.52642, 0.52894, 1.06297
0.52642, 0.52894, 1.06297
0.52642, 0.52894, 1.06297
0.52642, 0.52894, 1.06297
0.52642, 0.52894, 1.06297
0.52642, 0.52894, 1.06297
0.52642, 0.52894, 1.06297
0.52642, 0.52894, 1.06297
0.52642, 0.52894, 1.06297
0.52642, 0.52894, 1.06297
0.52642, 0.52894, 1.06297
0.52642, 0.52894, 1.06297
0.52642, 0.52894, 1.06297
0.52642, 0.52894, 1.06297
0.52642, 0.52894, 1.06297
0.52642, 0.52894, 1.06297
0.52642, 0.52894, 1.06297
0.52642, 0.52894, 1.06297
0.52642, 0.52894, 1.06297
0.52642, 0.52894, 1.06297
0.52642, 0.52894, 1.06297
0.52642, 0.52894, 1.06297
0.52642, 0.52894, 1.06297
0.52642, 0.52894, 1.06297
0.52642, 0.52894, 1.06297
0.52642, 0.52894, 1.06297
0.52642, 0.52894, 1.06297
0.52642, 0.52894, 1.06297
0.52642, 0.52894, 1.06297
0.52642, 0.52894, 1.06297
0.52642, 0.52894, 1.06297
0.52642, 0.52894, 1.06297
0.52642, 0.52894, 1.06297
0.52642, 0.52894, 1.06297
0.52642, 0.52894, 1.06297
0.52642, 0.52894, 1.06297
0.52642, 0.52894, 1.06297
0.52642, 0.52894, 1.06297
0.52642, 0.52894, 1.06297
0.52642, 0.52894, 1.06297
0.52642, 0.52894, 1.06297
0.52642, 0.52894, 1.06297
0.52642, 0.52894, 1.06297
0.52642, 0.52894, 1.06297
0.52642, 0.52894, 1.06297
0.52642, 0.52894, 1.06297
0.52642, 0.52894, 1.06297
0.52642, 0.52894, 1.06297
0.52642, 0.52894, 1.06297
0.52642, 0.52894, 1.06297
0.52642, 0.52894, 1.06297
0.52642, 0.52894, 1.06297
0.52642, 0.52894, 1.06297
0.52642, 0.52894, 1.06297
0.52642, 0.52894, 1.06297
0.52642, 0.52894, 1.06297
0.52642, 0.52894, 1.06297
0.52642, 0.52894, 1.06297
0.52642, 0.52894, 1.06297
0.52642, 0.52894, 1.06297
0.52642, 0.52894, 1.06297
0.52642, 0.52894, 1.06297
0.52642, 0.52894, 1.06297
0.52642, 0.52894, 1.06297
0.52642, 0.52894, 1.06297
0.52642, 0.52894, 1.06297
0.52642, 0.52894, 1.06297
0.52642, 0.52894, 1.06297
0.52642, 0.52894, 1.06297
0.52642, 0.52894, 1.06297
0.52642, 0.52894, 1.06297
0.52642, 0.52894, 1.06297
0.52642, 0.52894, 1.06297
0.52642, 0.52894, 1.06297
0.52642, 0.52894, 1.06297
0.52642, 0.52894, 1.06297
0.52642, 0.52894, 1.06297
0.52642, 0.52894, 1.06297
869.07684, 49.57280, 160.11252
762.90074, 43.51644, 268.29512
763.52837, 43.55224, 268.51584
44.11298, 823.47123, 151.21227
24.27833, 1.38485, 1007.91747
763.65661, 43.55955, 268.56094
763.65661, 43.55955, 268.56094
763.65661, 43.55955, 268.56094
869.09637, 49.57392, 160.11612
763.77837, 43.56650, 268.60376
763.77837, 43.56650, 268.60376
763.77837, 43.56650, 268.60376
763.77837, 43.56650, 268.60376
763.77837, 43.56650, 268.60376
763.77837, 43.56650, 268.60376
763.77837, 43.56650, 268.60376
763.77837, 43.56650, 268.60376
59.28783, 10.48809, 973.09766
764.32776, 43.59783, 268.79697
36.56996, 2.08598, 998.55366
66.19020, 3.77554, 975.74495
66.19020, 3.77554, 975.74495
66.19020, 3.77554, 975.74495
66.23919, 3.77833, 976.46709
66.23919, 3.77833, 976.46709
66.23919, 3.77833, 976.46709
875.41443, 38.34776, 159.26068
3.59177, 67.04879, 985.15595
3.59177, 67.04879, 985.15595
3.59177, 67.04879, 985.15595
44.98546, 839.75807, 154.20299
59.80012, 10.57871, 981.50586
66.72665, 3.80614, 983.65297
66.72665, 3.80614, 983.65297
66.72665, 3.80614, 983.65297
66.72665, 3.80614, 983.65297
59.92467, 10.60074, 983.55002
46.34345, 865.10811, 158.85796
66.77563, 3.80893, 984.37495
66.77563, 3.80893, 984.37495
3.59861, 67.17644, 987.03154
3.59981, 67.19880, 987.36015
3.59981, 67.19880, 987.36015
3.59981, 67.19880, 987.36015
3.59981, 67.19880, 987.36015
3.59981, 67.19880, 987.36015
46.67690, 871.33277, 160.00098
46.67690, 871.33277, 160.00098
46.67690, 871.33277, 160.00098
46.67690, 871.33277, 160.00098
46.67690, 871.33277, 160.00098
46.67690, 871.33277, 160.00098
46.67690, 871.33277, 160.00098
46.67690, 871.33277, 160.00098
46.67690, 871.33277, 160.00098
66.85388, 3.81340, 985.52856
66.85388, 3.81340, 985.52856
3.60244, 67.24795, 988.08230
66.86532, 3.81405, 985.69713
66.87617, 3.81467, 985.85717
66.92515, 3.81746, 986.57916
46.71041, 871.95818, 160.11583
46.71041, 871.95818, 160.11583
46.76394, 872.95748, 160.29933
46.76394, 872.95748, 160.29933
46.76394, 872.95748, 160.29933
46.76394, 872.95748, 160.29933
46.76394, 872.95748, 160.29933
46.77176, 873.10350, 160.32614
46.77176, 873.10350, 160.32614
46.77176, 873.10350, 160.32614
46.77176, 873.10350, 160.32614
41.11152, 767.44198, 269.00588
46.77919, 873.24213, 160.35160
46.77919, 873.24213, 160.35160
46.77919, 873.24213, 160.35160
46.77919, 873.24213, 160.35160
46.77919, 873.24213, 160.35160
46.77919, 873.24213, 160.35160
46.77919, 873.24213, 160.35160
46.77919, 873.24213, 160.35160
46.77919, 873.24213, 160.35160
1.31631, 24.57197, 361.03891
59.95912, 3.42011, 883.88922
13.33776, 248.98029, 45.71972
219.30308, 12.50921, 77.12399
24.27833, 1.38485, 1007.91747
3.36940, 62.89763, 924.16251
0.52642, 0.52894, 1.06297
18.50622, 345.46146, 63.43635
46.67690, 871.33277, 160.00098
188.60948, 189.51471, 380.85073
32.26894, 1.84064, 475.69355
277.80631, 279.13964, 30.28594
186.10867, 187.00190, 375.80096
16.51821, 458.35180, 478.29415
54.83579, 55.09898, 110.72748
32.57954, 608.17279, 111.67748
45.76253, 45.98217, 15.99029
66.79792, 3.81020, 984.70356
27.68299, 27.81586, 55.89903
18.59325, 347.08617, 63.73469
32.46933, 606.11548, 111.29970
45.76253, 45.98217, 15.99029
186.74285, 187.63912, 377.08152
188.60948, 189.51471, 380.85073
135.80852, 136.46033, 274.23209
75.74423, 429.79820, 191.21105
1.74665, 32.60520, 479.07213
94.50311, 94.95667, 190.82591
360.48865, 20.56255, 126.77579
32.39617, 1.84790, 477.56915
604.75002, 34.49540, 111.41484
46.30790, 2.64144, 682.64929
32.46933, 606.11548, 111.29970
188.60948, 189.51471, 380.85073
82.06759, 82.46147, 165.71542
82.06759, 82.46147, 165.71542
9.42232, 175.88945, 32.29821
215.12012, 216.15259, 434.38249
27.89763, 520.77395, 95.62861
135.80852, 136.46033, 274.23209
42.04005, 784.77519, 144.10660
12.21424, 228.00720, 41.86848
108.80539, 109.32760, 219.70588
32.26894, 1.84064, 475.69355
300.25855, 17.12698, 105.59421
45.76253, 45.98217, 15.99029
14.00797, 261.49126, 48.01708
40.08537, 748.28643, 137.40625
106.69929, 107.21139, 215.45313
14.27067, 266.39510, 48.91757
28.16067, 525.68418, 96.53027
162.20578, 162.98428, 327.53490
2.85414, 2.86784, 79.79887
763.77837, 43.56650, 268.60376
59.92467, 10.60074, 983.55002
59.84655, 3.41369, 882.22981
136.39555, 137.05018, 275.41747
214.93382, 215.96539, 434.00630
42.29934, 789.61543, 144.99540
23.23255, 23.34405, 46.91245
27.81059, 519.14924, 95.33027
54.83579, 55.09898, 110.72748
352.26531, 110.62359, 466.22665
108.80539, 109.32760, 219.70588
244.10643, 245.27802, 247.20758
30.77789, 574.54078, 105.50170
147.51131, 148.21929, 297.86302
91.38572, 91.82432, 184.53111
82.06759, 82.46147, 165.71542
684.22966, 39.02898, 240.62826
763.65661, 43.55955, 268.56094
135.80852, 136.46033, 274.23209
21.69934, 1.23775, 319.88152
109.39243, 109.91745, 220.89126
0.66473, 12.40869, 182.32240
108.80539, 109.32760, 219.70588
458.67377, 26.16310, 488.33287
188.60948, 189.51471, 380.85073
697.11766, 30.53743, 126.82386
18.43942, 344.21466, 290.58027
45.76253, 45.98217, 15.99029
1.02502, 19.13432, 281.14283
32.31791, 1.84344, 476.41554
14.34444, 267.77225, 49.17045
762.10148, 43.47085, 268.01404
530.73131, 30.27332, 186.64633
24.69209, 460.93518, 489.12898
0.52642, 0.52894, 1.06297
9.42232, 175.88945, 32.29821
382.26826, 21.80487, 406.98677
744.33938, 131.67448, 9.44616
39.66618, 740.46131, 160.62970
130.60924, 223.64241, 61.74294
458.66234, 26.16245, 488.32071
32.50284, 606.74089, 111.41454
39.14691, 2.23297, 577.08532
135.80852, 136.46033, 274.23209
55.02812, 55.29223, 111.11583
306.20297, 13.41330, 661.81763
188.60948, 189.51471, 380.85073
151.33308, 8.63215, 53.22046
2.10947, 39.37818, 578.58830
311.65155, 313.14731, 120.95374
188.60948, 189.51471, 380.85073
25.80636, 1.47201, 380.42525
27.81059, 519.14924, 95.33027
81.04639, 81.43537, 163.65336
66.87617, 3.81467, 985.85717
27.68299, 27.81586, 55.89903
46.77919, 873.24213, 160.35160
24.63225, 459.81813, 487.94360
4.48561, 4.50714, 9.05760
72.41215, 72.75969, 146.21862
868.93866, 49.56492, 160.08707
264.61398, 15.09378, 327.25113
12.26599, 0.69966, 180.81942
375.66327, 21.42812, 132.11237
162.79281, 163.57413, 328.72027
39.27000, 39.45848, 26.19298
226.51229, 12.92043, 79.65930
73.12460, 73.47556, 147.65725
23.27003, 434.38913, 460.95920
763.77837, 43.56650, 268.60376
188.60948, 189.51471, 380.85073
30.05561, 561.05770, 103.02583
18.01210, 336.23761, 61.74260
9.42232, 175.88945, 32.29821
20.35359, 379.94708, 403.18712
14.00797, 261.49126, 48.01708
214.92780, 215.95934, 433.99413
39.14691, 2.23297, 577.08532
27.87532, 28.00910, 56.28739
27.68299, 27.81586, 55.89903
108.68905, 109.21070, 219.47096
58.35056, 3.32836, 860.17651
3.82106, 3.83940, 178.85013
82.06759, 82.46147, 165.71542
46.77176, 873.10350, 160.32614
482.55474, 302.11781, 136.76150
2.85414, 2.86784, 79.79887
46.77919, 873.24213, 160.35160
0.52642, 0.52894, 1.06297
34.71467, 648.02989, 363.11678
71.37455, 6.01715, 77.94974
46.67690, 871.33277, 160.00098
108.80539, 109.32760, 219.70588
135.80852, 136.46033, 274.23209
60.41315, 3.44601, 890.58225
0.52642, 0.52894, 1.06297
22.99050, 429.17109, 487.92991
66.19020, 3.77554, 975.74495
27.68299, 27.81586, 55.89903
108.80539, 109.32760, 219.70588
42.04748, 784.91382, 144.13206
27.68299, 27.81586, 55.89903
66.87617, 3.81467, 985.85717
720.44774, 41.09489, 253.36535
159.46576, 160.23111, 322.00211
71.10850, 71.44978, 143.58623
3.60244, 67.24795, 988.08230
9.42232, 175.88945, 32.29821
45.42988, 848.05416, 155.72638
30.66336, 572.40277, 105.10910
120.65870, 167.72676, 290.46491
214.34076, 215.36949, 432.80876
82.06759, 82.46147, 165.71542
457.91365, 26.11974, 487.52360
21.06304, 393.19053, 417.24062
108.80539, 109.32760, 219.70588
30.17054, 30.31534, 60.92203
758.06161, 43.24041, 266.59330
191.71512, 192.63525, 387.12179
720.06741, 41.07319, 253.23160
108.80539, 109.32760, 219.70588
41.09809, 767.19116, 268.91796
70.16909, 70.50586, 141.68932
367.00128, 64.92294, 435.03869
32.26894, 1.84064, 475.69355
45.76253, 45.98217, 15.99029
37.58502, 37.76541, 1.34220
614.87962, 115.12950, 242.87415
188.60948, 189.51471, 380.85073
52.35706, 2.98649, 771.82322
860.96953, 49.11035, 158.61889
0.52642, 0.52894, 1.06297
135.80852, 136.46033, 274.23209
108.80539, 109.32760, 219.70588
108.80539, 109.32760, 219.70588
1.37366, 25.64249, 404.02371
136.39555, 137.05018, 275.41747
162.20578, 162.98428, 327.53490
39.27414, 2.24023, 578.96092
530.85307, 30.28026, 186.68915
443.97485, 25.32466, 472.68349
45.48341, 849.05346, 155.90988
53.58753, 9.47969, 879.53791
74.59624, 74.95427, 150.62887
2.10947, 39.37818, 578.58830
214.84028, 215.87140, 433.81741
14.00797, 261.49126, 48.01708
28.85172, 5.10390, 473.54645
136.53515, 137.19045, 275.69936
188.60948, 189.51471, 380.85073
162.79281, 163.57413, 328.72027
869.07684, 49.57280, 160.11252
24.63225, 459.81813, 487.94360
454.54441, 25.92756, 496.46249
54.83579, 55.09898, 110.72748
25.44368, 25.56580, 51.37729
151.33308, 8.63215, 53.22046
54.83579, 55.09898, 110.72748
23.10562, 431.32004, 79.20238
41.94520, 783.00446, 143.78144
54.83579, 55.09898, 110.72748
136.39555, 137.05018, 275.41747
84.62827, 85.03445, 170.88610
469.62974, 26.78804, 165.15827
44.98546, 839.75807, 154.20299
188.60948, 189.51471, 380.85073
52.35706, 2.98649, 771.82322
0.52642, 0.52894, 1.06297
37.31643, 696.59779, 127.91477
3.59177, 67.04879, 985.15595
0.52642, 0.52894, 1.06297
128.72588, 498.73273, 342.71136
51.81817, 9.16669, 850.49730
763.77837, 43.56650, 268.60376
0.65230, 12.85389, 188.35779
208.63537, 24.28416, 234.59904
164.57206, 165.36192, 332.31304
530.73131, 30.27332, 186.64633
84.61924, 85.02537, 170.86787
106.89162, 107.40464, 215.84149
214.92780, 215.95934, 433.99413
18.59325, 347.08617, 63.73469
27.68299, 27.81586, 55.89903
762.90074, 43.51644, 268.29512
13.95444, 260.49196, 47.83359
27.87532, 28.00910, 56.28739
226.51229, 12.92043, 79.65930
458.49635, 26.15298, 488.14399
0.52642, 0.52894, 1.06297
453.55450, 25.87109, 482.88258
188.80181, 189.70796, 381.23909
32.31791, 1.84344, 476.41554
109.58475, 110.11070, 221.27961
2.88495, 53.85431, 791.28792
136.39555, 137.05018, 275.41747
1.37844, 25.73175, 378.07969
54.83579, 55.09898, 110.72748
82.06759, 82.46147, 165.71542
2.65553, 49.57163, 174.28780
27.89763, 520.77395, 95.62861
divergence_from_baseline:122.950686056
