
Model: DTLZ_3
Args:
	number of decisions: 10
	number of objectives: 2

Settings: 
{	:better <function lt at 0x10aaea1b8>
 	:candidates 500
 	:era 100
 	:gens 500
 	:lives 3
 	:mutate_prob 0.25
 	:patience 3
 	:retain 0.33
}

Baseline Population: 
290.57754, 1088.31081
178.72270, 1289.51195
316.70540, 468.85246
557.48317, 59.06112
151.26688, 1321.45294
20.06837, 757.79075
484.58707, 135.50576
678.16095, 140.01995
368.75805, 310.74630
542.86760, 873.57724
612.45341, 311.44839
196.02453, 526.44343
511.69780, 26.13371
264.31119, 488.58836
299.85198, 289.60611
396.92735, 216.17323
338.85918, 433.26457
672.18792, 242.29822
111.18562, 1342.10005
566.78617, 314.58471
619.17128, 45.44632
82.61958, 537.59333
273.36247, 413.17929
430.01909, 305.22649
252.03893, 1202.55473
555.53019, 132.07761
670.05995, 3.56191
172.07144, 1273.78813
61.90381, 836.75350
625.41423, 268.26138
340.78905, 132.30535
106.25516, 1324.92511
765.55532, 90.88598
250.29622, 1236.93394
615.99416, 278.27486
188.55820, 724.53962
541.05758, 971.26358
336.57151, 245.13531
475.60216, 239.60981
349.58738, 991.24809
103.73560, 412.30595
662.39350, 100.93804
166.85012, 1182.64417
366.22796, 983.78989
345.29920, 442.47858
250.81781, 1102.72669
557.31971, 42.12784
319.88404, 601.50840
364.20874, 281.93631
485.60328, 376.45758
113.40194, 788.72110
491.28366, 925.05482
510.83013, 25.71311
448.60438, 938.00718
119.12145, 1201.51351
127.26972, 748.17138
689.03469, 850.99128
383.88641, 215.35025
506.62773, 70.20945
409.72715, 421.48699
497.10466, 192.11044
332.57234, 229.88694
370.58123, 377.76076
93.52139, 517.77762
66.06597, 792.20096
442.08107, 166.59981
370.95278, 67.92233
540.18534, 296.09800
629.78683, 101.16569
459.28741, 303.47821
253.95989, 1262.57979
179.29664, 735.79885
46.39624, 1261.44503
294.70349, 1124.43904
397.85250, 375.76357
387.43227, 908.65388
483.32785, 119.68364
483.74004, 380.52598
450.41892, 483.59004
310.60507, 7.31192
529.84306, 153.77680
256.63098, 389.04264
251.07988, 646.44306
338.44777, 1024.65334
392.32027, 501.93801
518.19945, 313.36727
593.00030, 80.17152
450.59637, 215.51552
473.07498, 17.00544
649.68805, 812.97653
72.42610, 1416.85414
59.40444, 872.96817
149.92173, 1391.41954
342.95719, 483.38689
309.77686, 1527.89047
123.32930, 793.50150
238.16955, 314.90056
402.14233, 123.79558
524.94678, 7.46993
272.74637, 511.34697
237.12476, 516.42385
238.54086, 1054.76295
464.86643, 1401.31708
597.96857, 154.25387
343.72294, 521.06101
84.96216, 1404.50634
217.36392, 1207.23841
502.27925, 281.77263
482.99960, 270.61305
395.50614, 89.41285
365.88936, 315.26769
413.74704, 260.45256
676.95298, 129.86593
503.85942, 13.96503
60.14128, 752.01068
40.72684, 1352.87728
258.94210, 1317.50503
364.15750, 560.40204
160.81764, 702.54995
399.41995, 67.06013
490.36988, 430.35854
508.98018, 216.37143
107.28409, 1264.88475
153.08148, 1197.80153
283.55854, 616.73142
447.46377, 165.70245
313.67185, 1591.00830
305.18006, 1294.27463
550.12213, 238.93191
454.79387, 997.13787
162.37210, 1202.29632
154.51839, 1332.21957
395.74433, 200.06470
686.54402, 117.87185
1.17558, 745.92844
207.75084, 1458.54992
302.17236, 1204.08082
312.18491, 324.78521
329.99972, 323.72793
516.15876, 887.70642
518.58676, 342.27179
407.48879, 234.76413
282.95066, 1034.47205
101.54895, 1345.97228
446.50942, 367.94320
301.60365, 1535.01233
183.95852, 1198.90626
448.26927, 204.71404
305.78679, 1035.78718
9.09040, 776.46825
160.13189, 1175.69200
743.41421, 174.46131
443.72905, 165.04513
281.44385, 1123.36654
346.57604, 1065.03170
457.21681, 843.26763
443.22850, 490.21769
180.71895, 482.66123
351.69301, 541.69605
280.44334, 1217.46680
643.79179, 69.59380
455.68465, 1060.14536
298.83849, 420.53565
651.20894, 254.36579
228.23449, 246.55420
556.57669, 184.22523
474.83641, 232.66924
58.42476, 1243.09413
278.22698, 187.02884
390.00329, 448.22510
427.70382, 270.46464
357.55968, 540.70658
239.85928, 1219.57486
484.62231, 114.35526
374.11559, 463.01882
333.88439, 311.73960
344.19963, 377.92443
449.92245, 38.10931
16.55363, 899.41617
98.83339, 583.57560
191.54450, 1296.42132
377.80915, 429.72113
394.55773, 158.66009
576.53983, 753.61685
294.87268, 288.32012
533.15525, 158.08009
201.99021, 518.75813
220.86265, 1119.52575
587.87043, 35.37374
244.42318, 1325.79672
565.57919, 1.38131
384.69402, 524.94789
138.84940, 394.82960
377.48297, 126.84226
295.18841, 539.72890
413.95478, 282.35796
647.58528, 212.37659
630.30622, 702.41810
530.09545, 930.80351
487.05885, 956.69503
213.72428, 1268.49291
81.65687, 779.61539
454.64627, 270.20729
58.23760, 1290.82952
535.07350, 393.29914
324.14706, 608.95704
413.66706, 38.33297
106.80077, 1258.91519
411.50648, 460.57783
447.48942, 285.57689
352.54400, 257.97728
274.63378, 446.86840
53.09782, 624.88467
364.01121, 385.59712
252.77886, 1218.01775
350.80791, 181.72034
381.21715, 551.74514
347.93175, 1021.88309
128.69290, 1252.51332
604.69804, 60.29501
127.47894, 359.88093
215.01740, 1107.97721
591.63178, 34.66376
71.43058, 819.04011
359.88643, 242.55755
630.02274, 5.93808
470.32708, 823.68122
506.27541, 6.44384
528.24503, 400.85290
398.67289, 315.84469
245.60400, 1188.40210
634.23558, 825.06359
539.39611, 301.20970
570.15691, 253.25937
25.41074, 813.36705
729.71174, 602.00687
485.65176, 320.54223
568.69814, 295.02059
512.74778, 111.37100
436.49885, 296.41127
145.67957, 745.34203
384.98639, 146.14686
461.10275, 202.54428
541.91818, 257.66153
488.58867, 111.10724
624.86928, 267.68919
113.36705, 775.33865
515.75843, 96.34281
559.38910, 50.56531
548.59902, 122.24528
388.43093, 946.72812
78.79371, 690.49992
491.15312, 164.70426
729.72362, 204.37724
471.39080, 202.79100
559.62571, 748.43017
442.63228, 450.87034
388.13298, 293.90222
597.15111, 55.11853
327.72891, 1486.13883
63.04505, 704.39879
328.29951, 504.93492
62.29942, 735.97730
442.86862, 102.63175
373.67403, 353.27754
165.09133, 1263.81539
213.45307, 641.45665
517.81812, 808.04658
83.39002, 1353.32543
335.83856, 340.60595
485.12916, 162.66293
556.01734, 138.37334
61.88016, 1352.17308
348.41168, 368.93321
642.16805, 783.85857
493.83899, 827.19594
393.27901, 526.00229
223.00887, 1244.77755
662.62144, 206.04012
660.82963, 86.76512
704.18485, 621.77006
408.91265, 91.01965
399.24441, 264.67053
519.41653, 196.02764
402.68428, 450.25185
221.49941, 324.60437
257.35844, 1157.52834
479.38377, 1358.52916
117.33968, 1237.24619
505.47340, 137.27163
76.64394, 1339.04964
190.73299, 1237.92831
354.80482, 965.66057
349.04141, 1033.27259
243.90788, 379.66543
560.30437, 165.37028
603.02977, 85.18811
534.99535, 94.19324
429.70019, 252.21476
454.83253, 182.32784
34.97252, 1383.09259
597.05894, 194.83056
370.65024, 492.87070
149.02443, 1439.79542
571.37093, 177.93643
477.49054, 131.93271
676.02565, 34.95628
661.04633, 175.19310
556.42252, 932.91760
262.97485, 1317.19265
698.64714, 21.96989
121.71658, 786.12031
335.65664, 1187.13762
533.00470, 180.96579
154.56014, 431.75490
279.99786, 589.24021
553.23724, 161.68900
674.75220, 741.13171
688.12745, 119.27452
651.45395, 233.00098
155.76760, 734.82035
434.20329, 1046.47825
25.38853, 1311.35713
270.53145, 1298.84104
398.74861, 944.63209
431.18631, 117.02210
523.19880, 150.48339
101.39942, 1194.25869
574.77028, 769.30216
342.71440, 1363.71857
357.66424, 1167.84018
730.89815, 613.12389
384.56014, 467.83167
42.88759, 1291.53969
359.74078, 1062.51413
254.14204, 1329.81466
80.83057, 1233.87922
198.29496, 1180.84074
656.44097, 234.25674
41.16193, 866.98845
326.99103, 397.24952
345.26292, 212.50878
173.35072, 1347.14457
101.70374, 674.21195
638.68992, 91.55587
383.07781, 289.07849
541.65372, 12.53690
577.39721, 156.18857
437.48269, 495.54188
0.41870, 809.40764
291.83970, 1013.45755
329.02003, 968.34697
421.96196, 125.72104
300.21171, 613.10900
412.48551, 129.47538
132.54923, 1296.54046
243.28455, 1232.67047
436.90913, 137.37492
415.26696, 330.39984
701.51533, 76.09169
556.87267, 991.23235
175.41398, 1315.25048
425.96495, 407.11305
378.11279, 399.51984
0.97878, 615.52351
164.44604, 1328.80577
309.70191, 183.26974
484.82507, 808.95483
352.12133, 1222.24955
340.70963, 953.26721
271.34657, 1050.27483
340.89937, 1286.41874
373.88139, 205.51026
335.10455, 1188.87416
256.93270, 1267.56222
1.86578, 525.17577
386.70632, 382.84602
349.59511, 512.56623
147.30338, 611.42151
370.17334, 564.08063
451.10456, 97.92588
448.53323, 127.75093
567.72473, 351.45780
453.37630, 992.95647
302.01308, 482.13062
685.39845, 44.63916
505.34075, 99.28804
101.35212, 692.79053
566.02203, 232.90677
250.67613, 662.32553
511.72640, 406.25734
380.12201, 513.29911
55.47327, 1330.74152
189.12927, 1582.29221
5.47399, 758.58676
608.45081, 266.78660
475.87907, 332.39026
617.64753, 136.95315
620.60834, 103.94375
355.78016, 1096.39617
358.69832, 382.62762
45.06862, 1363.94351
228.38705, 1289.69537
396.25778, 940.02808
606.95866, 116.93952
323.40044, 541.20477
69.31277, 1373.43382
80.70810, 687.30296
235.75242, 658.59940
590.83420, 299.02833
137.45090, 1430.66052
191.35464, 725.98197
348.10790, 1070.61730
87.94209, 1382.45276
502.30791, 63.82592
262.80634, 514.42431
325.88561, 1051.41703
584.64556, 317.42647
438.10700, 120.54295
427.54923, 471.00720
44.87483, 1267.73595
230.19668, 332.46801
534.86681, 905.53622
680.62390, 113.17940
149.51636, 1388.32168
298.87093, 561.05033
603.68497, 292.49454
319.92100, 469.91591
137.27260, 1195.49554
359.92567, 5.06834
443.67060, 43.80481
300.32322, 1029.62759
441.31235, 1213.42261
604.69843, 217.74210
449.49968, 460.26236
376.54075, 1040.52650
388.44019, 913.37238
532.38809, 113.77737
292.22000, 84.66281
390.51562, 1256.83695
65.48320, 1684.47194
454.82459, 218.56729
370.02779, 234.47958
328.49024, 978.98436
111.45360, 1236.49920
150.33601, 1431.24279
182.56702, 1293.51747
352.41154, 1295.28629
95.98041, 1279.12658
484.54208, 125.24029
185.50407, 640.70163
263.90238, 499.46035
502.33045, 828.96520
186.31653, 1234.26776
304.86526, 597.23909
208.12200, 591.33956
260.53437, 1040.74560
239.36535, 1285.61929
387.68007, 989.71322
481.58072, 109.20151
561.12049, 952.48210
396.77840, 422.32676
389.67200, 978.94831
529.90303, 8.05656
243.35102, 1279.87196
619.80479, 207.46226
300.96645, 540.72842
531.82342, 782.40542
452.80764, 1093.18625
59.64918, 1342.11696
522.47920, 224.67478
247.50500, 477.97596
272.56658, 651.19876
58.38660, 690.58559
489.87994, 1084.35638
148.51813, 1340.88579
626.53474, 258.60271
389.97893, 971.05192
458.00954, 967.50607
420.18008, 249.57598
117.56791, 721.99316
418.59769, 899.20879
412.78625, 70.82899
440.54236, 303.16297
471.34902, 271.60950
505.48166, 187.76532
593.60750, 219.14957
86.83090, 1380.75732
605.46657, 765.67390
259.41581, 1048.19785
469.05980, 377.97146
347.21711, 1111.29300
140.57457, 365.18065
658.15291, 191.77285
583.04293, 744.84326
541.56701, 55.73014
188.72669, 743.56520
277.45230, 386.20961
465.16215, 114.62320
247.17526, 1166.13054

 Final Population: 
1.71493, 2.49952
1.71493, 2.49952
1.71493, 2.49952
1.71493, 2.49952
1.71493, 2.49952
1.71493, 2.49952
1.71493, 2.49952
1.71493, 2.49952
1.71493, 2.49952
1.71493, 2.49952
1.71493, 2.49952
1.71493, 2.49952
1.71493, 2.49952
1.71493, 2.49952
1.71493, 2.49952
1.71493, 2.49952
1.71493, 2.49952
1.71493, 2.49952
1.71493, 2.49952
1.71493, 2.49952
1.71493, 2.49952
1.71493, 2.49952
1.71493, 2.49952
1.71493, 2.49952
1.71493, 2.49952
1.71493, 2.49952
1.71493, 2.49952
1.71493, 2.49952
1.71493, 2.49952
1.71493, 2.49952
1.71493, 2.49952
1.71493, 2.49952
1.71493, 2.49952
1.71493, 2.49952
1.71493, 2.49952
1.71493, 2.49952
1.71493, 2.49952
1.71493, 2.49952
1.71493, 2.49952
1.71493, 2.49952
1.71493, 2.49952
1.71493, 2.49952
1.71493, 2.49952
1.71493, 2.49952
1.71493, 2.49952
1.71493, 2.49952
1.71493, 2.49952
1.71493, 2.49952
1.71493, 2.49952
1.71493, 2.49952
1.71493, 2.49952
1.71493, 2.49952
1.71493, 2.49952
1.71493, 2.49952
1.71493, 2.49952
1.71493, 2.49952
1.71493, 2.49952
1.71493, 2.49952
1.71493, 2.49952
1.71493, 2.49952
1.71493, 2.49952
1.71493, 2.49952
1.71493, 2.49952
1.71493, 2.49952
1.71493, 2.49952
1.71493, 2.49952
1.71493, 2.49952
1.71493, 2.49952
1.71493, 2.49952
1.71493, 2.49952
1.71493, 2.49952
1.71493, 2.49952
1.71493, 2.49952
1.71493, 2.49952
1.71493, 2.49952
1.71493, 2.49952
1.71493, 2.49952
1.71493, 2.49952
1.71493, 2.49952
1.71493, 2.49952
1.71493, 2.49952
1.71493, 2.49952
1.71493, 2.49952
1.71493, 2.49952
1.71493, 2.49952
1.71493, 2.49952
1.71493, 2.49952
1.71493, 2.49952
1.71493, 2.49952
1.71493, 2.49952
1.71493, 2.49952
1.71493, 2.49952
1.71493, 2.49952
1.71493, 2.49952
1.71493, 2.49952
1.71493, 2.49952
1.71493, 2.49952
1.71493, 2.49952
1.71493, 2.49952
1.71493, 2.49952
1.71493, 2.49952
1.71493, 2.49952
1.71493, 2.49952
1.71493, 2.49952
1.71493, 2.49952
1.71493, 2.49952
1.71493, 2.49952
1.71493, 2.49952
1.71493, 2.49952
1.71493, 2.49952
1.71493, 2.49952
1.71493, 2.49952
1.71493, 2.49952
1.71493, 2.49952
1.71493, 2.49952
1.71493, 2.49952
1.71493, 2.49952
1.71493, 2.49952
1.71493, 2.49952
1.71493, 2.49952
1.71493, 2.49952
1.71493, 2.49952
1.71493, 2.49952
1.71493, 2.49952
1.71493, 2.49952
1.71493, 2.49952
1.71493, 2.49952
1.71493, 2.49952
1.71493, 2.49952
1.71493, 2.49952
1.71493, 2.49952
1.71493, 2.49952
1.71493, 2.49952
1.71493, 2.49952
1.71493, 2.49952
1.71493, 2.49952
1.71493, 2.49952
1.71493, 2.49952
1.71493, 2.49952
1.71493, 2.49952
1.71493, 2.49952
1.71493, 2.49952
1.71493, 2.49952
1.71493, 2.49952
1.71493, 2.49952
1.71493, 2.49952
1.71493, 2.49952
1.71493, 2.49952
1.71493, 2.49952
1.71493, 2.49952
1.71493, 2.49952
1.71493, 2.49952
1.71493, 2.49952
1.71493, 2.49952
1.71493, 2.49952
1.71493, 2.49952
1.71493, 2.49952
1.71493, 2.49952
1.71493, 2.49952
1.71493, 2.49952
1.71493, 2.49952
1.71493, 2.49952
1.71493, 2.49952
1.71493, 2.49952
1.71493, 2.49952
464.36663, 1399.81046
464.36663, 1399.81046
464.36663, 1399.81046
464.36663, 1399.81046
464.36663, 1399.81046
464.36663, 1399.81046
464.36663, 1399.81046
464.36663, 1399.81046
464.36663, 1399.81046
464.36663, 1399.81046
464.36663, 1399.81046
464.36663, 1399.81046
464.36663, 1399.81046
464.36663, 1399.81046
464.36663, 1399.81046
464.36663, 1399.81046
464.36663, 1399.81046
464.36663, 1399.81046
464.36663, 1399.81046
464.36663, 1399.81046
464.36663, 1399.81046
464.36663, 1399.81046
464.36663, 1399.81046
464.36663, 1399.81046
464.36663, 1399.81046
464.36663, 1399.81046
464.36663, 1399.81046
464.36663, 1399.81046
464.36663, 1399.81046
464.36663, 1399.81046
464.36663, 1399.81046
464.36663, 1399.81046
464.36663, 1399.81046
464.36663, 1399.81046
464.36663, 1399.81046
464.36663, 1399.81046
464.36663, 1399.81046
464.36663, 1399.81046
464.36663, 1399.81046
464.36663, 1399.81046
464.36663, 1399.81046
464.36663, 1399.81046
464.36663, 1399.81046
464.36663, 1399.81046
464.36663, 1399.81046
464.36663, 1399.81046
464.36663, 1399.81046
464.36663, 1399.81046
464.36663, 1399.81046
464.36663, 1399.81046
464.36663, 1399.81046
464.36663, 1399.81046
464.36663, 1399.81046
464.36663, 1399.81046
464.36663, 1399.81046
464.42572, 1399.98858
464.42572, 1399.98858
464.42572, 1399.98858
464.48888, 1400.17899
464.49438, 1400.19556
464.49438, 1400.19556
464.49438, 1400.19556
464.49438, 1400.19556
464.49438, 1400.19556
464.49438, 1400.19556
464.49438, 1400.19556
464.49438, 1400.19556
464.49438, 1400.19556
464.49438, 1400.19556
464.49438, 1400.19556
464.49438, 1400.19556
464.49438, 1400.19556
464.49438, 1400.19556
464.49438, 1400.19556
464.49438, 1400.19556
464.49438, 1400.19556
464.49438, 1400.19556
464.55755, 1400.38597
464.55755, 1400.38597
464.55755, 1400.38597
464.55755, 1400.38597
464.86643, 1401.31708
275.53990, 830.60153
398.84054, 1202.28526
271.66598, 395.95445
279.69706, 843.13311
566.12945, 825.13632
271.66598, 395.95445
200.97491, 292.92187
143.69144, 209.43095
78.25892, 235.90769
503.22845, 733.45783
405.95101, 1223.71943
503.22845, 733.45783
136.12104, 410.33022
405.95101, 1223.71943
200.97491, 292.92187
241.39083, 727.66083
195.47984, 589.26441
328.05579, 988.90812
632.95983, 922.54192
413.54521, 430.84951
566.31619, 825.40851
196.30902, 13.59144
632.95983, 922.54192
375.23235, 546.90291
503.22845, 733.45783
121.21991, 365.41148
394.70897, 1189.83087
431.33500, 1300.23822
207.23863, 302.05127
367.24258, 1107.03476
229.50739, 691.83878
32.54124, 98.09397
405.95101, 1223.71943
464.36663, 1399.81046
367.54076, 1107.93362
595.58059, 228.90860
78.25892, 235.90769
315.72043, 1459.63917
143.69144, 209.43095
239.74273, 722.69271
175.44015, 528.85575
1.71493, 2.49952
345.22030, 503.16020
205.44318, 299.43439
415.40667, 1252.22307
200.97491, 292.92187
345.03355, 502.88802
279.69706, 843.13311
53.42403, 77.86577
279.69706, 843.13311
32.54124, 98.09397
143.69144, 209.43095
417.76424, 1259.32984
437.65909, 1319.30189
87.10723, 126.95920
345.03355, 502.88802
464.36663, 1399.81046
175.44015, 528.85575
424.25610, 618.35525
229.50739, 691.83878
597.42967, 870.75654
175.44015, 528.85575
424.06935, 618.08307
405.95101, 1223.71943
566.12945, 825.13632
633.14658, 922.81410
78.25892, 235.90769
340.94895, 1027.77391
419.82204, 1265.53298
345.03355, 502.88802
137.45767, 200.34520
143.69144, 209.43095
1.71493, 2.49952
121.28857, 365.61846
464.36663, 1399.81046
87.10723, 126.95920
374.93671, 1130.22836
503.22845, 733.45783
405.95101, 1223.71943
78.25892, 235.90769
78.25892, 235.90769
359.52295, 524.00639
271.66598, 395.95445
405.95101, 1223.71943
632.95983, 922.54192
345.31264, 503.29479
405.95101, 1223.71943
405.95101, 1223.71943
464.36663, 1399.81046
320.07142, 0.47987
503.22845, 733.45783
229.50739, 691.83878
345.03355, 502.88802
424.06935, 618.08307
175.44015, 528.85575
371.62926, 1120.25821
78.25892, 235.90769
175.44015, 528.85575
345.03355, 502.88802
271.66598, 395.95445
202.55589, 295.22615
396.20135, 1194.32958
121.28857, 365.61846
32.54124, 98.09397
175.44015, 528.85575
40.43850, 239.54092
405.95101, 1223.71943
424.93835, 1280.95585
143.44230, 209.06783
277.92970, 405.08385
345.03355, 502.88802
289.31041, 872.11205
429.18411, 1293.75448
551.78679, 804.23183
121.28857, 365.61846
356.73054, 519.93643
503.41520, 733.73001
220.42593, 664.46319
633.14658, 922.81410
522.49600, 761.54037
292.57796, 1056.93526
200.97491, 292.92187
1.71493, 2.49952
1.71493, 2.49952
143.44230, 209.06783
280.46223, 845.43965
424.06935, 618.08307
328.05579, 988.90812
503.41520, 733.73001
87.10723, 126.95920
503.22845, 733.45783
423.09377, 1275.39544
398.68227, 1201.80819
87.10723, 126.95920
282.20710, 411.31817
47.98452, 69.93767
575.75409, 839.16429
344.54582, 1038.61650
620.57261, 734.33560
271.66598, 395.95445
360.28487, 525.11688
653.55754, 901.20720
345.03355, 502.88802
229.50739, 691.83878
224.34631, 326.98580
1.71493, 2.49952
32.54124, 98.09397
78.25892, 235.90769
1.71493, 2.49952
323.89863, 976.37655
143.44230, 209.06783
54.31929, 163.74285
367.24258, 1107.03476
503.22845, 733.45783
227.79540, 332.01286
32.25577, 533.33097
1.71493, 2.49952
420.39470, 1267.25924
200.97491, 292.92187
388.09952, 1169.90698
279.69706, 843.13311
78.25892, 235.90769
229.50739, 691.83878
207.23863, 302.05127
424.06935, 618.08307
632.95983, 922.54192
87.10723, 126.95920
464.36663, 1399.81046
311.43851, 938.81614
1.71493, 2.49952
323.82996, 976.16956
229.50739, 691.83878
141.18605, 425.59845
279.69706, 843.13311
424.06935, 618.08307
328.05579, 988.90812
342.46866, 499.14967
411.08140, 599.15306
280.27342, 844.87050
246.54294, 359.33749
175.37149, 528.64877
88.47887, 547.77649
164.69048, 496.45140
515.40796, 751.20952
87.10723, 126.95920
71.69772, 216.12925
345.03355, 502.88802
78.25892, 235.90769
49.64947, 376.35554
566.12945, 825.13632
1.71493, 2.49952
28.47800, 1096.11717
279.69706, 843.13311
58.12064, 493.43819
464.36663, 1399.81046
1.71493, 2.49952
367.54076, 1107.93362
229.50739, 691.83878
415.40667, 1252.22307
566.31619, 825.40851
503.22845, 733.45783
424.06935, 618.08307
503.41520, 733.73001
78.25892, 235.90769
229.50739, 691.83878
284.89937, 415.24217
543.89773, 540.53841
87.10723, 126.95920
429.18125, 1293.74585
424.06935, 618.08307
78.25892, 235.90769
271.66598, 395.95445
367.59345, 535.76918
275.47123, 830.39455
545.04679, 794.40825
157.20442, 473.88503
126.60880, 498.15774
87.10723, 126.95920
143.69144, 209.43095
424.06935, 618.08307
279.69706, 843.13311
121.28857, 365.61846
229.50739, 691.83878
121.28857, 365.61846
196.15656, 591.30434
80.24309, 116.95468
143.69144, 209.43095
405.95101, 1223.71943
277.92970, 405.08385
271.66598, 395.95445
419.96498, 1265.96386
229.50739, 691.83878
503.41520, 733.73001
32.54124, 98.09397
328.05579, 988.90812
275.47123, 830.39455
345.03355, 502.88802
87.10723, 126.95920
208.91599, 629.76702
87.10723, 126.95920
367.24258, 1107.03476
271.94507, 396.36122
1.71493, 2.49952
405.95101, 1223.71943
275.53990, 830.60153
277.92970, 405.08385
186.36900, 561.80023
78.25892, 235.90769
539.44271, 786.24028
288.79157, 420.91506
78.25892, 235.90769
405.95101, 1223.71943
431.74312, 1301.46849
divergence_from_baseline:135.721350287
