
Model: DTLZ_5
Args:
	number of decisions: 40
	number of objectives: 2
Settings: 
{	:candidates 500
 	:era 100
 	:gens 200
 	:lives 1
 	:mutate_prob 0.25
 	:patience 1
 	:retain 0.33
}
Baseline Population: 
0.34451, 1.02670
0.32329, 1.00190
0.57859, 1.04684
0.41719, 1.11726
0.57504, 1.04135
0.31063, 1.05418
0.62009, 1.11841
0.37218, 1.00723
0.14424, 1.22348
0.19695, 1.18044
0.38847, 0.99049
0.50301, 1.10466
0.36657, 1.16646
0.29796, 1.24264
0.33164, 0.95661
0.33171, 0.94750
0.50531, 1.09481
0.39307, 1.17794
0.93373, 1.10372
0.32691, 0.98773
0.90252, 1.12107
0.57926, 1.12225
0.48275, 1.07726
0.33196, 0.95332
0.34424, 0.96264
0.32256, 0.99817
0.55969, 1.12207
0.33672, 0.95737
0.77574, 1.10610
0.66211, 1.15591
0.05190, 1.32292
0.33166, 0.95727
0.35040, 0.98025
0.29687, 1.04984
0.61550, 1.15099
0.62619, 1.05724
0.36142, 0.97723
0.33040, 0.96786
0.59802, 1.04131
0.52595, 1.14622
0.33089, 0.97108
0.11570, 1.24303
0.48992, 1.02608
0.21422, 1.16220
0.51761, 1.15784
0.32870, 0.98049
0.35409, 1.16505
0.73288, 1.08574
0.13580, 1.23475
0.70364, 1.12233
0.31945, 1.00428
0.28952, 1.07786
0.32308, 1.00281
0.61669, 1.04233
-0.00872, 1.38813
0.29731, 1.07166
0.32269, 0.99599
0.10542, 1.25647
0.34401, 1.00746
0.33137, 0.96769
0.34884, 0.96782
0.34589, 0.96471
0.35465, 1.01089
0.15728, 1.21339
0.51225, 1.12615
0.74609, 1.13063
0.33132, 0.94498
0.33787, 0.95410
0.33972, 0.96372
0.62283, 1.09866
0.33142, 0.94618
0.22935, 1.28447
0.72537, 1.08042
0.69896, 1.08234
0.55203, 1.14952
0.58290, 1.12404
0.29219, 1.05676
0.34841, 0.98127
0.75832, 1.06430
0.48030, 1.12759
0.47434, 1.13611
0.33772, 0.96465
0.50088, 1.16178
0.50847, 1.03604
0.33199, 0.96304
0.26332, 1.09838
0.52713, 1.15439
0.11703, 1.24176
0.28500, 1.07172
0.36432, 1.00372
0.68073, 1.11977
0.33161, 0.94668
0.69969, 1.04971
0.32021, 1.00326
0.70120, 1.08718
0.38875, 0.99006
0.29291, 1.05579
0.54951, 1.07932
0.32517, 0.98820
0.62077, 1.09230
0.33567, 1.21694
0.52121, 1.06642
0.79693, 1.09843
0.36212, 0.97451
0.34663, 0.96272
0.26537, 1.11267
0.33706, 0.95360
0.66189, 1.13029
0.27637, 1.08477
0.61897, 1.07805
0.33398, 0.97420
0.57936, 1.08503
0.53638, 1.15782
0.36664, 0.97769
0.34208, 0.96056
0.55830, 1.05653
0.33114, 0.94462
0.29555, 1.08265
0.33169, 0.95068
0.34402, 0.96416
0.34118, 0.96866
0.71306, 1.06578
0.33836, 1.00696
0.82458, 1.11195
0.45996, 1.04427
0.33700, 0.95907
0.36909, 0.99174
0.79206, 1.13710
0.33502, 0.98364
0.13734, 1.22678
0.65547, 1.04779
0.32860, 0.97635
0.33206, 0.98220
0.55142, 1.03671
0.35408, 1.17103
0.48661, 1.05558
0.33051, 0.96810
0.66145, 1.07267
0.52243, 1.03144
0.34316, 0.97703
0.50573, 1.06626
0.09708, 1.26532
0.68544, 1.04640
0.65226, 1.08916
0.47856, 1.06115
0.91039, 1.08458
0.33702, 0.98228
0.63488, 1.09246
0.35886, 0.99541
0.27176, 1.09066
0.63324, 1.04422
0.54476, 1.12165
0.33104, 0.96729
0.48259, 1.14917
0.37274, 0.98780
0.34622, 1.00054
0.37619, 0.99929
0.72046, 1.08385
0.34016, 1.02455
0.40950, 1.10956
0.33154, 0.95943
0.30310, 1.05016
0.31426, 1.01701
0.33454, 0.96220
0.33606, 0.95238
0.52909, 1.03719
0.37250, 0.98723
0.37595, 0.98304
0.46697, 1.04252
0.12838, 1.25102
0.32922, 0.97408
0.34696, 1.02875
0.32040, 1.05918
0.23117, 1.14794
0.57685, 1.14853
0.36746, 0.97962
0.83198, 1.13548
0.24009, 1.12901
0.33878, 0.95522
0.33242, 0.95298
0.33779, 0.98822
0.30798, 1.05253
0.61100, 1.04331
0.35885, 0.97998
0.47033, 1.15927
0.33203, 0.96062
0.80484, 1.11846
0.67800, 1.04838
0.68750, 1.07007
0.67512, 1.14381
0.66621, 1.04752
0.51492, 1.04505
0.59393, 1.13642
0.63561, 1.06637
0.54339, 1.03998
0.33134, 0.94615
0.24714, 1.28667
0.34050, 1.02873
0.25792, 1.11939
0.36788, 0.99179
0.24337, 1.12816
0.48081, 1.02639
0.29694, 1.05236
0.34869, 0.99863
0.33113, 0.96273
0.56742, 1.04111
0.33335, 0.94839
0.62755, 1.13447
0.32994, 1.00745
0.37089, 1.17513
0.54583, 1.12496
0.49173, 1.08380
0.47744, 1.06696
0.37080, 1.17681
0.32113, 1.03842
0.58930, 1.10494
0.44320, 1.14062
0.33448, 0.96281
0.76914, 1.09562
0.21279, 1.15897
0.32536, 0.98861
0.44862, 1.05531
0.58971, 1.04017
0.31016, 1.02670
0.77352, 1.06718
0.59073, 1.04197
0.62499, 1.13934
0.45382, 1.10472
0.46454, 1.04690
0.06583, 1.31292
0.79159, 1.08136
0.32409, 1.01215
0.67027, 1.10074
0.85862, 1.09906
0.70966, 1.05360
0.37237, 1.00019
0.27462, 1.08336
0.83573, 1.10645
0.31379, 1.05604
0.38474, 0.98808
0.32968, 0.99783
0.83560, 1.08702
0.43989, 1.08331
0.33136, 0.94657
0.32881, 0.97553
0.72364, 1.06458
0.10542, 1.26790
0.54886, 1.04163
0.34652, 0.96417
0.33425, 0.95174
0.42685, 1.10155
0.25577, 1.12209
0.29787, 1.07469
0.38845, 1.12175
0.52214, 1.04604
0.34754, 0.96349
0.33169, 0.95069
0.82075, 1.10057
0.57245, 1.10954
0.27741, 1.07993
0.33335, 0.94858
0.26356, 1.09991
0.33211, 0.96429
0.34464, 0.96234
0.35766, 0.97482
0.36273, 0.97517
0.58716, 1.05964
0.33172, 0.96801
0.78773, 1.08452
0.59335, 1.04189
0.37384, 0.98192
0.58768, 1.05599
0.48865, 1.03014
0.67416, 1.12809
0.27551, 1.10424
0.05557, 1.31989
0.83986, 1.10609
0.60680, 1.11556
0.63977, 1.07478
0.37854, 1.13704
0.02243, 1.35559
0.70173, 1.10133
0.19468, 1.32583
0.42885, 1.07921
0.54996, 1.12180
0.35550, 0.97220
0.50827, 1.05426
0.57142, 1.07171
0.55544, 1.04382
0.24055, 1.29334
0.63531, 1.04675
0.32548, 0.99621
0.34596, 0.96749
0.56825, 1.04126
0.36481, 0.98148
0.33190, 0.96356
0.35525, 0.97013
0.60875, 1.07680
0.31613, 1.04216
0.51875, 1.08907
0.62032, 1.04223
0.50274, 1.04609
0.42121, 1.14933
0.32825, 1.21619
0.29834, 1.06316
0.15905, 1.35306
0.26446, 1.10539
0.54742, 1.09904
0.48945, 1.03136
0.32175, 1.00357
0.34671, 0.97953
0.12451, 1.24851
0.24553, 1.12205
0.54095, 1.06371
0.57890, 1.12921
0.10865, 1.26538
0.38566, 0.98922
0.33454, 1.00217
0.23157, 1.13736
0.55635, 1.06812
0.32776, 1.01233
0.34556, 0.96198
0.55277, 1.08217
0.91366, 1.10740
0.59973, 1.08320
0.28642, 1.06631
0.78519, 1.07945
0.30844, 1.03750
0.77532, 1.07178
0.33298, 0.97331
0.33358, 0.94875
0.33165, 0.94690
0.34641, 1.01251
0.22815, 1.14042
0.33191, 0.94946
0.10340, 1.27521
0.28767, 1.08467
0.58518, 1.16141
0.73917, 1.09519
0.87681, 1.08803
0.32726, 1.00473
0.62190, 1.04394
0.33657, 0.95388
0.47073, 1.10814
0.33318, 0.94809
0.61161, 1.04670
0.28406, 1.06979
0.48651, 1.03091
0.33732, 0.99369
0.66028, 1.05113
0.33453, 0.96203
0.33312, 0.96040
0.85498, 1.08555
0.71379, 1.12843
0.61790, 1.09731
0.62159, 1.11348
0.63740, 1.13208
0.32812, 0.98426
0.22226, 1.15225
0.23985, 1.28247
0.25316, 1.11816
0.46501, 1.15178
0.32509, 1.01627
0.33149, 0.96127
0.85396, 1.09028
0.33329, 0.94961
0.34056, 1.02247
0.32599, 0.98871
0.31584, 1.01902
0.33096, 0.96567
0.33390, 0.95001
0.25515, 1.12024
0.41719, 1.14718
0.34367, 0.96348
0.18596, 1.18859
0.38278, 1.12654
0.20871, 1.16436
0.41967, 1.16623
0.66622, 1.07622
0.30733, 1.06826
0.35152, 0.97351
0.19403, 1.18379
0.36042, 0.97340
0.38921, 1.16645
0.32501, 0.99243
0.85059, 1.13721
0.17347, 1.19521
0.50268, 1.10713
0.32021, 1.00918
0.23742, 1.13704
0.34093, 0.95740
0.34539, 0.96303
0.47961, 1.05314
0.86099, 1.11374
0.60339, 1.09455
0.63415, 1.13697
0.60003, 1.05143
0.32509, 0.99050
0.33172, 0.95441
0.48898, 1.07133
0.35394, 1.01638
0.34546, 0.96832
0.34452, 0.97103
0.29412, 1.06208
0.52682, 1.09099
0.31289, 1.03950
0.71036, 1.10195
0.51148, 1.03023
0.33304, 1.02230
0.29522, 1.05284
0.84661, 1.12598
0.22354, 1.14559
0.28172, 1.08616
0.48274, 1.11994
0.34314, 0.97695
0.33293, 0.94774
0.26514, 1.09790
0.53828, 1.07917
0.39581, 1.15622
0.46078, 1.05521
0.33414, 0.97343
0.30314, 1.03801
0.81465, 1.07042
0.14876, 1.22710
0.24554, 1.28410
0.36111, 0.98312
0.49543, 1.06110
0.33059, 0.96603
0.53685, 1.03779
0.93287, 1.09766
0.40669, 1.10239
0.49394, 1.03678
0.33163, 0.98577
0.52221, 1.08194
0.53187, 1.08840
0.34598, 0.99458
0.49757, 1.15962
0.39428, 1.11828
0.33761, 0.95410
0.53418, 1.04025
0.44665, 1.05368
0.36948, 0.99479
0.30798, 1.03587
0.34804, 1.03132
0.33352, 0.94932
0.31859, 1.01731
0.42774, 1.17263
0.34113, 0.99102
0.50254, 1.05925
0.58292, 1.04219
0.34352, 0.96635
0.36055, 0.98083
0.34778, 0.98999
0.30794, 1.02998
0.33994, 0.96741
0.51666, 1.03136
0.37938, 0.98754
0.33268, 0.99345
0.33719, 0.95621
0.66991, 1.06683
0.63120, 1.05677
0.38579, 0.99335
0.65793, 1.05834
0.44201, 1.10101
0.19248, 1.18282
0.24695, 1.27193
0.12320, 1.24027
0.09004, 1.27344
0.46143, 1.03952
0.78675, 1.08852
0.36011, 1.20006
0.26700, 1.09741
0.10395, 1.25562
0.33189, 0.99547
0.52392, 1.06897
0.33339, 0.94876
0.33587, 1.03475
0.40956, 1.15487
0.34326, 0.96957
0.29661, 1.05011
0.53233, 1.15701
0.28505, 1.07258
0.53540, 1.06298
0.45377, 1.15401
0.32696, 1.02334
0.42289, 1.15377
0.90573, 1.08591
0.51900, 1.06699
0.25186, 1.11576
0.33137, 0.94636
0.58681, 1.09977
0.33256, 0.94982
0.33888, 0.95669
0.84950, 1.10176
0.57664, 1.14939
0.55135, 1.12591
0.73465, 1.09126
0.62145, 1.06353
0.53405, 1.05745
0.15259, 1.22248

Final Population: 
0.33075, 0.94372
0.33075, 0.94372
0.33075, 0.94372
0.33075, 0.94372
0.33075, 0.94372
0.33075, 0.94372
0.33075, 0.94372
0.33075, 0.94372
0.33075, 0.94372
0.33075, 0.94372
0.33075, 0.94372
0.33075, 0.94372
0.33075, 0.94372
0.33075, 0.94372
0.33075, 0.94372
0.33075, 0.94372
0.33075, 0.94372
0.33075, 0.94372
0.33075, 0.94372
0.33075, 0.94372
0.33075, 0.94372
0.33075, 0.94372
0.33075, 0.94372
0.33075, 0.94372
0.33075, 0.94372
0.33075, 0.94372
0.33075, 0.94372
0.33075, 0.94372
0.33075, 0.94372
0.33075, 0.94372
0.33075, 0.94372
0.33075, 0.94372
0.33075, 0.94372
0.33075, 0.94372
0.33075, 0.94372
0.33075, 0.94372
0.33075, 0.94372
0.33075, 0.94372
0.33075, 0.94372
0.33075, 0.94372
0.33075, 0.94372
0.33075, 0.94372
0.33075, 0.94372
0.33075, 0.94372
0.33075, 0.94372
0.33075, 0.94372
0.33075, 0.94372
0.33075, 0.94372
0.33075, 0.94372
0.33075, 0.94372
0.33075, 0.94372
0.33075, 0.94372
0.33075, 0.94372
0.33075, 0.94372
0.33075, 0.94372
0.33075, 0.94372
0.33075, 0.94372
0.33075, 0.94372
0.33075, 0.94372
0.33075, 0.94372
0.33075, 0.94372
0.33075, 0.94372
0.33075, 0.94372
0.33075, 0.94372
0.33075, 0.94372
0.33075, 0.94372
0.33075, 0.94372
0.33075, 0.94372
0.33075, 0.94372
0.33075, 0.94372
0.33075, 0.94372
0.33075, 0.94372
0.33075, 0.94372
0.33075, 0.94372
0.33075, 0.94372
0.33075, 0.94372
0.33075, 0.94372
0.33075, 0.94372
0.33075, 0.94372
0.33075, 0.94372
0.33075, 0.94372
0.33075, 0.94372
0.33075, 0.94372
0.33075, 0.94372
0.33075, 0.94372
0.33075, 0.94372
0.33075, 0.94372
0.33075, 0.94372
0.33075, 0.94372
0.33075, 0.94372
0.33075, 0.94372
0.33075, 0.94372
0.33075, 0.94372
0.33075, 0.94372
0.33075, 0.94372
0.33075, 0.94372
0.33075, 0.94372
0.33075, 0.94372
0.33075, 0.94372
0.33075, 0.94372
0.33075, 0.94372
0.33075, 0.94372
0.33075, 0.94372
0.33075, 0.94372
0.33075, 0.94372
0.33075, 0.94372
0.33075, 0.94372
0.33075, 0.94372
0.33075, 0.94372
0.33075, 0.94372
0.33075, 0.94372
0.33075, 0.94372
0.33075, 0.94372
0.33075, 0.94372
0.33075, 0.94372
0.33075, 0.94372
0.33075, 0.94372
0.33075, 0.94372
0.33075, 0.94372
0.33075, 0.94372
0.33075, 0.94372
0.33075, 0.94372
0.33075, 0.94372
0.33075, 0.94372
0.33075, 0.94372
0.33075, 0.94372
0.33075, 0.94372
0.33075, 0.94372
0.33075, 0.94372
0.33075, 0.94372
0.33075, 0.94372
0.33075, 0.94372
0.33075, 0.94372
0.33075, 0.94372
0.33075, 0.94372
0.33075, 0.94372
0.33075, 0.94372
0.33075, 0.94372
0.33075, 0.94372
0.33075, 0.94372
0.33075, 0.94372
0.33075, 0.94372
0.33075, 0.94372
0.33075, 0.94372
0.33075, 0.94372
0.33075, 0.94372
0.33075, 0.94372
0.33075, 0.94372
0.33075, 0.94372
0.33075, 0.94372
0.33075, 0.94372
0.33075, 0.94372
0.33075, 0.94372
0.33075, 0.94372
0.33075, 0.94372
0.33075, 0.94372
0.33075, 0.94372
0.33075, 0.94372
0.33075, 0.94372
0.33075, 0.94372
0.33075, 0.94372
0.33075, 0.94372
0.33075, 0.94372
0.33075, 0.94372
0.33075, 0.94372
0.92558, 1.09935
0.92558, 1.09935
0.92558, 1.09935
0.92558, 1.09935
0.92558, 1.09935
0.92558, 1.09935
0.92558, 1.09935
0.92558, 1.09935
0.92558, 1.09935
0.92558, 1.09935
0.92558, 1.09935
0.92558, 1.09935
0.92558, 1.09935
0.92558, 1.09935
0.92558, 1.09935
0.92558, 1.09935
0.92558, 1.09935
0.92558, 1.09935
0.92558, 1.09935
0.92558, 1.09935
0.92558, 1.09935
0.92558, 1.09935
0.92558, 1.09935
0.92558, 1.09935
0.92558, 1.09935
0.92558, 1.09935
0.92558, 1.09935
0.92558, 1.09935
0.92558, 1.09935
0.92558, 1.09935
0.92558, 1.09935
0.92558, 1.09935
0.92558, 1.09935
0.92558, 1.09935
0.91764, 1.10741
0.91764, 1.10741
0.91764, 1.10741
0.91764, 1.10741
0.91764, 1.10741
0.91764, 1.10741
0.91764, 1.10741
0.91764, 1.10741
0.91764, 1.10741
0.91764, 1.10741
0.91764, 1.10741
0.91764, 1.10741
0.91764, 1.10741
0.91764, 1.10741
0.91764, 1.10741
0.91764, 1.10741
0.91764, 1.10741
0.91764, 1.10741
0.91764, 1.10741
0.91764, 1.10741
0.91764, 1.10741
0.91764, 1.10741
0.91821, 1.10728
0.91821, 1.10728
0.91821, 1.10728
0.91821, 1.10728
0.91821, 1.10728
0.91821, 1.10728
0.91821, 1.10728
0.91821, 1.10728
0.91821, 1.10728
0.91821, 1.10728
0.91821, 1.10728
0.91821, 1.10728
0.93287, 1.09766
0.93287, 1.09766
0.93287, 1.09766
0.93287, 1.09766
0.93287, 1.09766
0.93287, 1.09766
0.93287, 1.09766
0.93287, 1.09766
0.93287, 1.09766
0.92688, 1.10531
0.93162, 1.10333
0.93162, 1.10333
0.93162, 1.10333
0.93373, 1.10372
0.34304, 0.97227
0.40774, 1.16325
0.33075, 0.94372
0.92558, 1.09935
0.33075, 0.94372
0.37931, 1.08219
0.33075, 0.94372
0.92558, 1.09935
0.33075, 0.94372
0.33075, 0.94372
0.18403, 1.30155
0.31837, 1.00661
0.33075, 0.94372
0.33075, 0.94372
0.66997, 1.04609
0.33075, 0.94372
0.33075, 0.94372
0.31823, 1.18836
0.33075, 0.94372
0.92558, 1.09935
0.33075, 0.94372
0.65500, 1.04729
0.33075, 0.94372
0.91764, 1.10741
0.33075, 0.94372
0.33075, 0.94372
0.33075, 0.94372
0.92558, 1.09935
0.33075, 0.94372
0.33075, 0.94372
0.36874, 1.05206
0.33075, 0.94372
0.91821, 1.10728
0.33075, 0.94372
0.34010, 1.08250
0.33075, 0.94372
0.92558, 1.09935
0.91764, 1.10741
0.66180, 1.04412
0.57848, 1.13097
0.33075, 0.94372
0.33075, 0.94372
0.33075, 0.94372
0.33075, 0.94372
0.92558, 1.09935
0.33075, 0.94372
0.33075, 0.94372
0.33075, 0.94372
0.91764, 1.10741
0.33075, 0.94372
-0.02316, 1.42997
0.33075, 0.94372
0.33075, 0.94372
0.18147, 1.18747
0.33075, 0.94372
0.33075, 0.94372
0.33075, 0.94372
0.33075, 0.94372
0.33075, 0.94372
0.33075, 0.94372
0.33075, 0.94372
0.33075, 0.94372
0.33075, 0.94372
0.33075, 0.94372
0.33075, 0.94372
0.33075, 0.94372
0.65827, 1.04325
0.33075, 0.94372
0.33075, 0.94372
0.33075, 0.94372
0.33075, 0.94372
0.33075, 0.94372
0.33075, 0.94372
0.92558, 1.09935
0.33075, 0.94372
0.50397, 1.02790
0.33075, 0.94372
0.34904, 0.99588
0.33075, 0.94372
0.33075, 0.94372
0.31033, 1.19524
0.33075, 0.94372
0.65831, 1.04327
0.91821, 1.10728
0.33075, 0.94372
0.13843, 1.33467
0.33075, 0.94372
0.33142, 0.94564
0.33075, 0.94372
0.33075, 0.94372
0.33075, 0.94372
0.33075, 0.94372
0.33112, 0.96228
0.92558, 1.09935
0.33075, 0.94372
0.33075, 0.94372
0.33075, 0.94372
0.33075, 0.94372
0.92558, 1.09935
0.33075, 0.94372
0.33075, 0.94372
0.33075, 0.94372
0.33075, 0.94372
0.33075, 0.94372
0.33075, 0.94372
0.33075, 0.94372
0.33075, 0.94372
0.33075, 0.94372
0.33075, 0.94372
0.92558, 1.09935
0.33075, 0.94372
0.33075, 0.94372
0.34268, 0.95907
0.40148, 1.14540
0.91764, 1.10741
0.33075, 0.94372
0.33075, 0.94372
0.33075, 0.94372
0.76028, 1.12619
0.91764, 1.10741
0.33075, 0.94372
0.33075, 0.94372
0.12598, 1.35102
0.33075, 0.94372
0.33075, 0.94372
0.92558, 1.09935
0.33075, 0.94372
0.33075, 0.94372
0.33075, 0.94372
0.93287, 1.09766
0.33075, 0.94372
0.33075, 0.94372
0.25722, 1.23069
0.92558, 1.09935
0.33075, 0.94372
0.33075, 0.94372
0.33075, 0.94372
0.33075, 0.94372
0.92558, 1.09935
0.33075, 0.94372
0.35662, 1.01748
0.33076, 0.94375
0.40394, 1.15241
0.33075, 0.94372
0.33075, 0.94372
0.33075, 0.94372
0.33075, 0.94372
0.33075, 0.94372
0.69512, 1.05742
0.33075, 0.94372
0.33075, 0.94372
0.33075, 0.94372
0.33075, 0.94372
0.92558, 1.09935
0.33075, 0.94372
0.33075, 0.94372
0.33075, 0.94372
0.63844, 1.04291
0.67133, 1.04486
0.65584, 1.04751
0.91764, 1.10741
0.33075, 0.94372
0.92558, 1.09935
0.39811, 1.13579
0.33939, 0.96835
0.33075, 0.94372
0.33075, 0.94372
0.92558, 1.09935
0.33075, 0.94372
0.33075, 0.94372
0.91764, 1.10741
0.91764, 1.10741
0.33075, 0.94372
0.35276, 1.17337
0.33075, 0.94372
0.33075, 0.94372
0.33075, 0.94372
0.33075, 0.94372
0.34136, 0.97398
0.33075, 0.94372
0.33075, 0.94372
0.33075, 0.94372
0.91764, 1.10741
0.33075, 0.94372
0.33075, 0.94372
0.33075, 0.94372
0.92558, 1.09935
0.33075, 0.94372
0.33075, 0.94372
0.33075, 0.94372
0.33100, 0.94444
0.26369, 1.09789
0.33075, 0.94372
0.92558, 1.09935
0.33075, 0.94372
0.33075, 0.94372
0.33075, 0.94372
0.33075, 0.94372
0.33075, 0.94372
0.45463, 1.12660
0.33075, 0.94372
0.33075, 0.94372
0.40203, 1.14696
0.33075, 0.94372
0.67593, 1.04906
0.33075, 0.94372
0.33075, 0.94372
0.33075, 0.94372
0.33075, 0.94372
0.33075, 0.94372
0.33075, 0.94372
0.33075, 0.94372
0.33075, 0.94372
0.65827, 1.04325
0.92558, 1.09935
0.33075, 0.94372
0.33075, 0.94372
0.33075, 0.94372
0.33075, 0.94372
0.33075, 0.94372
0.33075, 0.94372
0.33075, 0.94372
0.56634, 1.13824
0.33075, 0.94372
0.33075, 0.94372
0.33075, 0.94372
0.92558, 1.09935
0.34852, 1.07000
0.33075, 0.94372
0.92558, 1.09935
0.33075, 0.94372
0.33075, 0.94372
0.33075, 0.94372
0.33075, 0.94372
0.33075, 0.94372
0.33075, 0.94372
0.91764, 1.10741
0.79500, 1.08130
0.33075, 0.94372
0.33075, 0.94372
0.33075, 0.94372
0.33075, 0.94372
0.33075, 0.94372
0.44567, 1.13775
0.33075, 0.94372
0.33075, 0.94372
0.33075, 0.94372
0.33075, 0.94372
0.33075, 0.94372
0.33075, 0.94372
0.33075, 0.94372
0.33075, 0.94372
0.33075, 0.94372
divergence_from_baseline:0.00298688944974
