
Model: DTLZ_1
Args:
	number of decisions: 10
	number of objectives: 4Settings: 
{	:better <function lt at 0x10b6c3140>
 	:candidates 500
 	:era 100
 	:gens 500
 	:lives 3
 	:mutate_prob 0.25
 	:patience 3
 	:retain 0.33
}
 Baseline Population: 
96.71620, 51.94883, 51.94883, 454.40360
12.86422, 99.86052, 99.86052, 534.58623
101.61784, 137.88089, 137.88089, 156.60686
17.81065, 139.79517, 139.79517, 40.23030
18.87022, 55.58293, 55.58293, 497.45784
3.57545, 267.11896, 267.11896, 321.42735
3.31412, 32.38438, 32.38438, 582.41557
335.76777, 31.67186, 31.67186, 232.34032
12.88449, 177.67830, 177.67830, 223.35893
35.38840, 115.02846, 115.02846, 89.83902
38.75359, 17.66296, 17.66296, 298.66561
23.81226, 353.91169, 353.91169, 205.58492
121.60031, 16.47503, 16.47503, 155.51380
56.22203, 44.03279, 44.03279, 224.28889
76.56684, 162.57233, 162.57233, 41.51402
34.56978, 189.36569, 189.36569, 412.07799
6.02710, 47.69072, 47.69072, 274.23096
15.78184, 13.13832, 13.13832, 330.17889
19.28765, 133.40219, 133.40219, 264.72255
3.57689, 0.12875, 0.12875, 544.90770
72.40903, 42.82605, 42.82605, 293.26787
30.97514, 104.09609, 104.09609, 568.16684
52.23896, 49.75886, 49.75886, 301.57114
168.49953, 50.25977, 50.25977, 123.38691
94.89841, 116.14721, 116.14721, 64.37900
37.13468, 189.68773, 189.68773, 187.86409
0.13285, 314.05118, 314.05118, 71.20612
96.93370, 194.55038, 194.55038, 133.90679
49.94081, 153.36278, 153.36278, 102.01742
218.03762, 78.14518, 78.14518, 9.16095
40.99921, 103.40171, 103.40171, 232.16824
58.21923, 149.21914, 149.21914, 169.38370
154.43727, 268.39740, 268.39740, 26.23293
24.10276, 43.84036, 43.84036, 514.28239
101.21799, 108.34400, 108.34400, 163.05768
1.84515, 6.59454, 6.59454, 388.86207
62.00882, 52.71490, 52.71490, 151.38655
42.40280, 245.43184, 245.43184, 45.44009
13.40341, 26.82353, 26.82353, 315.77088
1.01168, 176.57575, 176.57575, 506.25037
164.21994, 80.73218, 80.73218, 199.89703
62.74018, 204.82822, 204.82822, 112.28820
138.50827, 119.37792, 119.37792, 137.54017
40.32018, 131.02640, 131.02640, 566.33850
72.69611, 281.04952, 281.04952, 97.04447
125.18850, 148.40706, 148.40706, 131.25590
49.59968, 117.35437, 117.35437, 544.96140
4.94172, 0.03561, 0.03561, 367.00928
120.06263, 34.99656, 34.99656, 252.18943
9.47700, 61.04302, 61.04302, 276.06632
201.65279, 28.97806, 28.97806, 143.32630
34.62274, 54.44211, 54.44211, 264.29441
189.26156, 122.87460, 122.87460, 136.82075
18.08276, 52.97313, 52.97313, 292.85388
80.72457, 1.63971, 1.63971, 350.84417
133.96809, 50.58049, 50.58049, 114.72491
6.91189, 59.27151, 59.27151, 510.80151
2.71006, 523.41918, 523.41918, 94.79217
0.49232, 40.18063, 40.18063, 596.37211
7.95424, 243.45746, 243.45746, 352.28143
102.67960, 367.77404, 367.77404, 229.14711
19.42818, 100.16075, 100.16075, 273.34515
0.66453, 12.15006, 12.15006, 569.78914
91.12298, 41.09055, 41.09055, 118.36006
0.96968, 2.39784, 2.39784, 636.63771
10.94787, 27.16064, 27.16064, 540.71292
6.51168, 105.17111, 105.17111, 595.10017
56.46189, 143.14789, 143.14789, 85.48259
39.31254, 214.87143, 214.87143, 383.20575
72.34089, 203.10097, 203.10097, 3.58085
112.13151, 152.88228, 152.88228, 189.05527
1.60878, 8.06104, 8.06104, 539.84933
82.60578, 17.77725, 17.77725, 48.15915
5.92674, 45.25520, 45.25520, 557.24424
230.57463, 14.66684, 14.66684, 135.37536
30.82594, 4.26438, 4.26438, 305.97678
136.34764, 103.93218, 103.93218, 33.28577
0.30360, 0.58193, 0.58193, 298.31798
67.38315, 267.53292, 267.53292, 4.04038
100.75286, 536.63614, 536.63614, 113.03276
38.87560, 204.84743, 204.84743, 163.18820
6.24001, 27.27861, 27.27861, 331.00223
4.61784, 179.70328, 179.70328, 457.48117
33.71038, 2.60909, 2.60909, 657.16440
1.24846, 4.46202, 4.46202, 548.10808
37.28803, 92.40273, 92.40273, 488.39207
133.03642, 170.14153, 170.14153, 170.01606
8.40721, 19.10435, 19.10435, 358.59518
17.88968, 121.32438, 121.32438, 97.15496
169.24523, 230.56704, 230.56704, 30.91540
58.62991, 30.43468, 30.43468, 507.98828
23.68401, 271.69096, 271.69096, 31.13411
120.41278, 25.05246, 25.05246, 265.01361
117.59708, 582.28405, 582.28405, 27.68006
46.85732, 159.88186, 159.88186, 93.34483
83.08227, 41.18740, 41.18740, 164.84086
0.61127, 97.40334, 97.40334, 307.28470
560.82783, 109.11336, 109.11336, 30.25352
103.84241, 4.40786, 4.40786, 238.86920
32.24815, 78.55376, 78.55376, 564.03082
35.44078, 25.09849, 25.09849, 550.58255
100.76903, 59.19226, 59.19226, 465.44038
47.39177, 111.16768, 111.16768, 469.68402
0.36357, 104.74594, 104.74594, 545.68350
5.74614, 166.56354, 166.56354, 173.82208
109.77109, 32.85639, 32.85639, 269.55856
4.16289, 348.88224, 348.88224, 24.53241
14.95744, 62.53587, 62.53587, 319.98241
0.85922, 0.49987, 0.49987, 557.27226
175.54271, 144.43149, 144.43149, 39.16112
6.55120, 233.16476, 233.16476, 104.33851
175.30361, 136.56992, 136.56992, 42.43747
10.22525, 79.60659, 79.60659, 203.56382
83.51377, 91.47913, 91.47913, 258.04945
6.70831, 7.59079, 7.59079, 662.00963
31.71003, 515.49274, 515.49274, 41.21355
3.11338, 88.68454, 88.68454, 513.82258
7.88759, 50.27145, 50.27145, 535.83202
255.75553, 57.71092, 57.71092, 90.87788
79.04462, 80.14561, 80.14561, 152.92138
27.05749, 314.36181, 314.36181, 385.42521
72.90757, 275.38163, 275.38163, 319.62703
9.39656, 304.38978, 304.38978, 79.23727
58.67601, 210.67066, 210.67066, 29.73982
128.90468, 255.86598, 255.86598, 14.93645
85.56151, 227.91665, 227.91665, 79.71645
95.06849, 40.97118, 40.97118, 16.57707
6.89230, 397.58523, 397.58523, 160.14980
17.28132, 114.51664, 114.51664, 247.33946
14.71740, 63.23314, 63.23314, 756.28111
90.78955, 568.01363, 568.01363, 28.75817
12.21012, 74.51823, 74.51823, 619.58399
57.36831, 303.77860, 303.77860, 312.41942
64.59532, 261.80325, 261.80325, 46.33311
83.01759, 164.00078, 164.00078, 140.68260
34.66705, 79.70233, 79.70233, 496.73480
142.32330, 73.54597, 73.54597, 115.61486
10.91434, 234.21334, 234.21334, 423.35316
55.89261, 277.68040, 277.68040, 50.88271
7.03545, 478.98301, 478.98301, 103.30882
190.60806, 73.29921, 73.29921, 35.31094
8.45478, 506.71097, 506.71097, 68.59287
122.04309, 208.75108, 208.75108, 88.57207
69.63586, 111.03665, 111.03665, 222.02274
135.77991, 85.37408, 85.37408, 145.52046
19.63646, 5.82715, 5.82715, 558.31075
298.10814, 53.20757, 53.20757, 38.14942
6.57985, 135.96980, 135.96980, 247.09349
203.50329, 49.22008, 49.22008, 103.72771
238.83708, 24.79616, 24.79616, 110.36026
36.97535, 69.23320, 69.23320, 290.03410
4.33108, 24.17222, 24.17222, 557.26740
6.39642, 52.99930, 52.99930, 536.24204
68.85516, 130.81880, 130.81880, 168.59207
55.64074, 483.20208, 483.20208, 198.91704
0.35547, 0.23320, 0.23320, 718.94034
43.00398, 181.91268, 181.91268, 495.89418
76.05548, 439.32680, 439.32680, 174.76942
0.59194, 9.35689, 9.35689, 590.76515
140.87984, 220.86051, 220.86051, 52.41472
143.02975, 79.04640, 79.04640, 108.37370
43.22127, 470.45586, 470.45586, 99.76526
39.17562, 155.49893, 155.49893, 239.96945
44.93010, 296.89665, 296.89665, 15.93542
50.96823, 6.34335, 6.34335, 343.83816
32.29455, 3.30474, 3.30474, 255.50222
8.73036, 41.67005, 41.67005, 132.79882
25.32737, 10.94074, 10.94074, 532.13010
96.36584, 13.81388, 13.81388, 146.98657
7.17046, 66.26029, 66.26029, 225.37706
3.11898, 72.37727, 72.37727, 312.62369
23.27941, 0.98179, 0.98179, 552.47614
96.45275, 40.96418, 40.96418, 547.49724
4.24972, 163.15535, 163.15535, 170.91406
21.53297, 274.06016, 274.06016, 38.23066
9.47470, 64.20574, 64.20574, 273.06625
458.33760, 112.23370, 112.23370, 24.01542
84.51606, 47.53694, 47.53694, 86.69744
93.87335, 0.63194, 0.63194, 43.53991
5.88275, 141.89197, 141.89197, 463.63556
39.30258, 45.18060, 45.18060, 129.08861
208.10760, 51.14310, 51.14310, 114.32502
41.01679, 134.53750, 134.53750, 76.26984
128.76944, 22.49707, 22.49707, 176.95758
8.29011, 112.01914, 112.01914, 282.60547
63.41961, 194.28335, 194.28335, 37.89934
13.01649, 110.96798, 110.96798, 282.05602
127.42540, 99.64955, 99.64955, 38.89750
23.29654, 331.30243, 331.30243, 346.19930
18.99865, 261.01246, 261.01246, 39.28216
36.69847, 114.41660, 114.41660, 209.90531
17.80598, 58.19019, 58.19019, 498.74962
117.15425, 54.95358, 54.95358, 107.72916
15.20414, 491.03110, 491.03110, 84.00331
2.33873, 196.84569, 196.84569, 586.22349
0.91164, 24.68470, 24.68470, 530.63881
41.11907, 142.86936, 142.86936, 201.33814
161.60593, 255.62568, 255.62568, 39.19668
12.19647, 15.53809, 15.53809, 356.47454
82.27572, 152.21834, 152.21834, 61.25008
104.18290, 134.82876, 134.82876, 225.22285
0.56842, 383.50741, 383.50741, 337.95482
45.25858, 258.41050, 258.41050, 89.57420
119.98756, 36.77586, 36.77586, 170.80590
30.77841, 7.54730, 7.54730, 629.79315
92.10498, 43.65101, 43.65101, 58.78611
62.12782, 286.98489, 286.98489, 77.67440
34.62916, 22.11585, 22.11585, 189.80357
85.50955, 121.50934, 121.50934, 138.28813
56.59282, 311.17871, 311.17871, 29.27878
143.30960, 417.68068, 417.68068, 119.10722
49.17953, 6.41263, 6.41263, 154.54443
11.36586, 457.55052, 457.55052, 142.88631
108.60046, 173.13190, 173.13190, 122.55486
9.04399, 91.29702, 91.29702, 194.91454
105.20790, 111.76455, 111.76455, 85.09546
6.05505, 20.53117, 20.53117, 531.22444
7.82602, 72.14195, 72.14195, 284.34742
125.07693, 49.34431, 49.34431, 170.55073
26.40705, 189.96853, 189.96853, 178.26720
4.48898, 115.24957, 115.24957, 164.59982
8.83675, 110.76009, 110.76009, 450.57654
135.38391, 135.83479, 135.83479, 393.14128
91.64297, 352.30134, 352.30134, 245.56591
1.95073, 152.96364, 152.96364, 256.00438
98.08269, 203.85338, 203.85338, 86.48221
53.25583, 112.19190, 112.19190, 198.80864
140.38628, 22.84268, 22.84268, 58.63491
6.15452, 86.73675, 86.73675, 268.94191
2.94144, 16.77450, 16.77450, 598.70114
36.00134, 75.31856, 75.31856, 95.44851
39.07510, 99.81509, 99.81509, 107.72528
1.77844, 425.08220, 425.08220, 160.45419
96.17832, 316.45362, 316.45362, 36.99566
0.06121, 2.69089, 2.69089, 286.63464
58.60096, 167.91985, 167.91985, 195.67273
91.01332, 55.57073, 55.57073, 300.26152
105.32147, 47.85621, 47.85621, 226.97981
23.14579, 277.14324, 277.14324, 111.47950
40.96844, 170.46223, 170.46223, 191.81540
124.26707, 79.79061, 79.79061, 127.00727
475.47298, 127.36579, 127.36579, 119.54304
61.69122, 21.95937, 21.95937, 574.53214
122.66892, 471.86421, 471.86421, 197.13403
367.42287, 138.16698, 138.16698, 213.91839
228.70324, 49.09100, 49.09100, 84.81349
134.34328, 47.92296, 47.92296, 263.54606
166.14723, 12.50473, 12.50473, 147.57574
50.41022, 22.36207, 22.36207, 220.76538
116.70273, 9.11644, 9.11644, 108.92191
70.96631, 106.11043, 106.11043, 34.82908
13.22477, 45.23562, 45.23562, 632.25521
3.76683, 19.72659, 19.72659, 248.20724
177.85162, 107.41834, 107.41834, 2.77646
21.08189, 15.02609, 15.02609, 353.76144
21.26450, 246.45937, 246.45937, 74.35734
48.22343, 184.12813, 184.12813, 187.45417
5.67991, 8.45175, 8.45175, 297.37552
0.34025, 98.67382, 98.67382, 59.15307
3.36252, 150.17300, 150.17300, 203.26169
220.20044, 98.37215, 98.37215, 83.00281
8.93272, 148.35565, 148.35565, 545.20024
9.51728, 204.12825, 204.12825, 43.66038
11.07075, 359.09876, 359.09876, 207.84767
19.83787, 572.10548, 572.10548, 98.82447
200.21843, 143.03744, 143.03744, 29.34912
30.12097, 102.84440, 102.84440, 223.59591
0.39512, 359.74744, 359.74744, 0.37254
7.71883, 153.69734, 153.69734, 179.87651
14.21787, 15.00922, 15.00922, 641.85683
21.27425, 114.12417, 114.12417, 460.25232
130.40341, 162.76846, 162.76846, 1.04876
129.69354, 141.20445, 141.20445, 128.75279
17.11189, 27.85372, 27.85372, 329.95798
0.89848, 68.27308, 68.27308, 520.77946
52.58991, 284.48653, 284.48653, 277.72276
30.22785, 7.62253, 7.62253, 604.36242
13.24571, 9.88879, 9.88879, 366.35072
5.10592, 36.27761, 36.27761, 583.63675
36.40549, 107.01545, 107.01545, 0.43675
222.53828, 186.54125, 186.54125, 364.94159
11.05349, 125.07146, 125.07146, 262.72427
17.16459, 11.21392, 11.21392, 540.87986
27.82275, 36.62647, 36.62647, 531.67129
3.60485, 28.52598, 28.52598, 636.19929
137.09519, 205.83684, 205.83684, 6.13888
60.27359, 128.85228, 128.85228, 55.55277
17.07002, 126.94453, 126.94453, 546.51047
43.36712, 50.64144, 50.64144, 53.02279
60.59598, 213.01445, 213.01445, 15.26142
59.10550, 597.99737, 597.99737, 36.72908
127.89567, 217.81234, 217.81234, 13.95519
236.18147, 70.65645, 70.65645, 105.74377
20.15218, 218.03054, 218.03054, 96.84242
0.80779, 158.33645, 158.33645, 521.75461
4.46761, 241.54617, 241.54617, 528.81974
7.46223, 233.32235, 233.32235, 430.52925
60.46580, 348.04905, 348.04905, 18.32101
37.62091, 40.35670, 40.35670, 324.15895
68.30033, 80.68758, 80.68758, 170.70887
2.87583, 63.41176, 63.41176, 330.77876
75.07497, 30.85825, 30.85825, 190.35000
86.94523, 6.46702, 6.46702, 230.22416
111.41116, 15.90672, 15.90672, 299.50920
114.61604, 79.67888, 79.67888, 431.74764
44.16510, 182.23187, 182.23187, 175.16716
116.58969, 434.16782, 434.16782, 106.24592
178.98028, 0.37986, 0.37986, 240.26965
381.08285, 74.34745, 74.34745, 147.56402
2.75532, 64.22416, 64.22416, 329.44034
48.64050, 28.86170, 28.86170, 81.08995
21.24850, 568.63489, 568.63489, 155.27575
16.48985, 330.47954, 330.47954, 267.59536
11.08381, 349.33132, 349.33132, 14.25694
35.66080, 71.87583, 71.87583, 509.34173
1.22586, 42.09754, 42.09754, 651.91000
0.89857, 0.34192, 0.34192, 371.71403
22.50322, 157.82827, 157.82827, 148.39656
152.72026, 53.88784, 53.88784, 196.00798
41.11356, 32.88426, 32.88426, 326.13392
58.12058, 47.61569, 47.61569, 297.16507
80.24507, 49.41798, 49.41798, 165.26528
18.84844, 168.48117, 168.48117, 129.37990
2.46733, 3.74170, 3.74170, 245.97940
31.17007, 148.39697, 148.39697, 249.15193
28.42486, 113.87016, 113.87016, 185.31838
54.74915, 9.73470, 9.73470, 595.11457
230.74898, 20.41759, 20.41759, 22.40155
22.52246, 41.98884, 41.98884, 603.40358
38.00329, 199.81531, 199.81531, 437.30593
8.65471, 27.12450, 27.12450, 590.93739
10.75302, 37.61639, 37.61639, 183.06704
78.42472, 226.31868, 226.31868, 415.13729
27.27683, 438.86572, 438.86572, 247.75455
9.74434, 195.66863, 195.66863, 91.87645
567.19843, 73.84044, 73.84044, 22.25850
39.66413, 20.36113, 20.36113, 343.20361
43.96614, 68.35208, 68.35208, 267.66564
3.21995, 4.37226, 4.37226, 642.56127
10.18641, 48.95925, 48.95925, 166.75212
159.92315, 38.59235, 38.59235, 188.22246
67.42823, 166.67920, 166.67920, 149.82494
32.41756, 230.62882, 230.62882, 105.79182
18.68584, 67.46857, 67.46857, 552.14528
1.79333, 532.90270, 532.90270, 28.77490
5.26659, 333.15028, 333.15028, 272.61046
25.75907, 0.72403, 0.72403, 345.46328
53.03108, 595.37707, 595.37707, 41.75526
3.96575, 2.64289, 2.64289, 682.46965
55.97710, 314.55509, 314.55509, 7.66796
103.07388, 129.02327, 129.02327, 180.14971
10.06681, 73.83109, 73.83109, 540.68376
18.19070, 10.00428, 10.00428, 376.47642
96.26954, 194.29993, 194.29993, 121.53897
45.17132, 60.94797, 60.94797, 102.41137
1.50389, 108.16940, 108.16940, 180.53896
188.93325, 177.85993, 177.85993, 89.34841
23.82605, 493.22978, 493.22978, 56.24712
59.63903, 32.56612, 32.56612, 526.71934
4.57145, 0.75947, 0.75947, 754.21367
41.03762, 121.35044, 121.35044, 104.78088
13.16103, 52.97230, 52.97230, 23.85930
74.64595, 12.02955, 12.02955, 337.68070
4.53718, 268.06080, 268.06080, 359.33825
30.81334, 113.91726, 113.91726, 154.01226
0.64381, 118.81672, 118.81672, 579.52305
219.99877, 39.44004, 39.44004, 7.32884
88.85763, 30.01079, 30.01079, 274.03401
57.04749, 100.15837, 100.15837, 100.44210
50.22257, 140.62917, 140.62917, 191.64140
67.45501, 84.35166, 84.35166, 540.48497
26.49125, 91.64517, 91.64517, 70.70352
92.80682, 176.71028, 176.71028, 65.65306
188.63105, 41.28204, 41.28204, 193.99315
9.83989, 293.11572, 293.11572, 327.76236
0.54773, 51.53895, 51.53895, 521.39746
51.30812, 7.02955, 7.02955, 233.16144
83.72806, 70.85819, 70.85819, 182.33931
2.42283, 23.56619, 23.56619, 627.28111
307.59157, 16.36630, 16.36630, 310.16707
0.36637, 23.53308, 23.53308, 128.35588
11.59473, 174.79362, 174.79362, 237.36528
23.23151, 76.24585, 76.24585, 190.07677
111.85008, 290.43785, 290.43785, 10.17078
151.98495, 241.63624, 241.63624, 25.97968
1.62953, 139.43417, 139.43417, 448.34542
58.14488, 146.87551, 146.87551, 32.75852
10.88370, 64.02283, 64.02283, 292.45532
61.50884, 187.65957, 187.65957, 477.47934
70.09090, 21.63152, 21.63152, 211.12402
0.01870, 0.49678, 0.49678, 324.08827
33.02456, 253.66459, 253.66459, 69.24401
4.03102, 294.59676, 294.59676, 0.20871
198.59234, 190.38780, 190.38780, 11.25257
39.03095, 435.73475, 435.73475, 111.71356
78.77129, 5.05960, 5.05960, 6.13406
6.57298, 16.75578, 16.75578, 610.04256
57.77458, 24.66392, 24.66392, 205.43550
39.02170, 20.06305, 20.06305, 255.56701
3.84931, 15.72333, 15.72333, 381.15068
57.95605, 72.38426, 72.38426, 75.49301
161.74125, 111.88467, 111.88467, 180.93728
271.24441, 78.40095, 78.40095, 3.23459
8.73381, 109.52006, 109.52006, 168.20784
6.89894, 122.86103, 122.86103, 454.58913
11.12289, 209.27413, 209.27413, 20.55353
16.18175, 188.52821, 188.52821, 383.59196
20.03203, 192.50649, 192.50649, 143.78579
81.15010, 48.43474, 48.43474, 58.83949
4.60734, 250.88064, 250.88064, 63.16248
14.41555, 467.49908, 467.49908, 197.91504
22.46734, 342.08884, 342.08884, 336.39883
252.86203, 138.43335, 138.43335, 35.73982
14.41950, 12.11481, 12.11481, 251.18184
37.49373, 44.89479, 44.89479, 310.37795
25.99392, 82.16191, 82.16191, 488.91738
97.01428, 2.10374, 2.10374, 95.55687
29.98998, 226.76347, 226.76347, 338.96999
64.45545, 19.22924, 19.22924, 214.85823
16.81311, 255.37675, 255.37675, 138.37554
106.04448, 101.57287, 101.57287, 29.52955
0.05965, 0.35935, 0.35935, 582.03122
150.79955, 184.89698, 184.89698, 143.56873
72.54173, 5.83099, 5.83099, 521.82903
3.96661, 324.58695, 324.58695, 391.09665
29.91255, 141.14292, 141.14292, 186.38553
70.34796, 63.95861, 63.95861, 298.07210
3.48806, 50.51592, 50.51592, 330.87456
170.81179, 31.64164, 31.64164, 179.56632
9.23139, 20.26302, 20.26302, 636.09631
59.95127, 107.18781, 107.18781, 200.41584
3.89617, 6.81628, 6.81628, 310.17245
23.41522, 144.06260, 144.06260, 492.58375
125.38467, 85.98249, 85.98249, 141.35301
3.40072, 4.16322, 4.16322, 340.05820
198.73033, 36.20323, 36.20323, 27.87845
2.38585, 353.52542, 353.52542, 293.77183
51.70298, 10.86026, 10.86026, 137.08223
87.44590, 60.76060, 60.76060, 242.75855
304.43855, 0.02662, 0.02662, 45.44537
8.49477, 150.38509, 150.38509, 486.74935
77.12023, 221.57742, 221.57742, 4.84891
166.58048, 57.45429, 57.45429, 111.96770
14.46771, 1.50391, 1.50391, 621.09614
51.07935, 73.14920, 73.14920, 25.80853
32.04999, 189.86049, 189.86049, 175.62216
6.78298, 133.37832, 133.37832, 570.36586
97.69655, 241.58379, 241.58379, 29.29541
41.05565, 245.40448, 245.40448, 34.84747
147.78975, 154.66101, 154.66101, 115.41908
9.17228, 16.15361, 16.15361, 542.54395
239.63714, 127.05824, 127.05824, 84.07043
24.60380, 1.02976, 1.02976, 638.05543
19.69384, 191.41303, 191.41303, 132.28325
166.72503, 140.21887, 140.21887, 144.27499
111.58759, 12.29670, 12.29670, 599.00714
15.03505, 6.66152, 6.66152, 647.22249
116.64603, 98.83949, 98.83949, 11.05971
26.91321, 313.45039, 313.45039, 308.94581
1.83091, 18.88438, 18.88438, 648.10174
12.44632, 26.42351, 26.42351, 216.72446
7.48445, 288.98809, 288.98809, 329.61993
182.71968, 170.45475, 170.45475, 11.55692
104.93634, 72.34193, 72.34193, 234.06889
131.85114, 109.89594, 109.89594, 190.80637
73.78884, 25.52149, 25.52149, 328.70389
58.29899, 191.32994, 191.32994, 170.11052
12.24880, 46.07104, 46.07104, 341.93255
5.48605, 154.12442, 154.12442, 443.12821
8.18367, 418.89955, 418.89955, 251.15209
9.37107, 22.36773, 22.36773, 273.25721
23.93583, 85.91489, 85.91489, 65.57883
24.89468, 55.82152, 55.82152, 584.66513
28.48080, 154.07159, 154.07159, 535.75454
6.70749, 479.31082, 479.31082, 180.46202
126.35042, 164.15086, 164.15086, 401.42824
0.60813, 6.09904, 6.09904, 539.54305
258.59292, 65.81467, 65.81467, 2.16057
14.64161, 78.36356, 78.36356, 550.36649
75.83302, 320.68516, 320.68516, 5.18319
13.30113, 332.36640, 332.36640, 306.78643
81.17074, 175.97033, 175.97033, 126.76842
69.18993, 73.43611, 73.43611, 278.04160
143.18207, 198.98774, 198.98774, 130.00016
87.94285, 120.09793, 120.09793, 428.66434
64.89525, 317.75627, 317.75627, 22.85099
117.88629, 51.12576, 51.12576, 265.31676
28.79579, 82.65371, 82.65371, 551.56323
5.53345, 25.78008, 25.78008, 656.68613
429.87202, 98.92233, 98.92233, 49.84065
65.17793, 73.82573, 73.82573, 557.74837
7.70992, 290.85265, 290.85265, 68.31340
4.17267, 216.81940, 216.81940, 452.21375
41.34011, 3.10697, 3.10697, 599.71309
18.78956, 374.89700, 374.89700, 182.07618
298.97110, 68.98289, 68.98289, 246.78800
19.40739, 109.24228, 109.24228, 196.40529
133.61643, 164.60034, 164.60034, 27.53680
12.54585, 183.39231, 183.39231, 203.65665
51.66589, 193.69388, 193.69388, 0.14528

 Final Population: 
0.00194, 0.00675, 0.00675, 0.02102
0.00194, 0.00675, 0.00675, 0.02102
0.00194, 0.00675, 0.00675, 0.02102
0.00194, 0.00675, 0.00675, 0.02102
0.00194, 0.00675, 0.00675, 0.02102
0.00194, 0.00675, 0.00675, 0.02102
0.00194, 0.00675, 0.00675, 0.02102
0.00194, 0.00675, 0.00675, 0.02102
0.00194, 0.00675, 0.00675, 0.02102
0.00194, 0.00675, 0.00675, 0.02102
0.00194, 0.00675, 0.00675, 0.02102
0.00194, 0.00675, 0.00675, 0.02102
0.00194, 0.00675, 0.00675, 0.02102
0.00194, 0.00675, 0.00675, 0.02102
0.00194, 0.00675, 0.00675, 0.02102
0.00194, 0.00675, 0.00675, 0.02102
0.00194, 0.00675, 0.00675, 0.02102
0.00194, 0.00675, 0.00675, 0.02102
0.00194, 0.00675, 0.00675, 0.02102
0.00194, 0.00675, 0.00675, 0.02102
0.00194, 0.00675, 0.00675, 0.02102
0.00194, 0.00675, 0.00675, 0.02102
0.00194, 0.00675, 0.00675, 0.02102
0.00194, 0.00675, 0.00675, 0.02102
0.00194, 0.00675, 0.00675, 0.02102
0.00194, 0.00675, 0.00675, 0.02102
0.00194, 0.00675, 0.00675, 0.02102
0.00194, 0.00675, 0.00675, 0.02102
0.00194, 0.00675, 0.00675, 0.02102
0.00194, 0.00675, 0.00675, 0.02102
0.00194, 0.00675, 0.00675, 0.02102
0.00194, 0.00675, 0.00675, 0.02102
0.00194, 0.00675, 0.00675, 0.02102
0.00194, 0.00675, 0.00675, 0.02102
0.00194, 0.00675, 0.00675, 0.02102
0.00194, 0.00675, 0.00675, 0.02102
0.00194, 0.00675, 0.00675, 0.02102
0.00194, 0.00675, 0.00675, 0.02102
0.00194, 0.00675, 0.00675, 0.02102
0.00194, 0.00675, 0.00675, 0.02102
0.00194, 0.00675, 0.00675, 0.02102
0.00194, 0.00675, 0.00675, 0.02102
0.00194, 0.00675, 0.00675, 0.02102
0.00194, 0.00675, 0.00675, 0.02102
0.00194, 0.00675, 0.00675, 0.02102
0.00194, 0.00675, 0.00675, 0.02102
0.00194, 0.00675, 0.00675, 0.02102
0.00194, 0.00675, 0.00675, 0.02102
0.00194, 0.00675, 0.00675, 0.02102
0.00194, 0.00675, 0.00675, 0.02102
0.00194, 0.00675, 0.00675, 0.02102
0.00194, 0.00675, 0.00675, 0.02102
0.00194, 0.00675, 0.00675, 0.02102
0.00194, 0.00675, 0.00675, 0.02102
0.00194, 0.00675, 0.00675, 0.02102
0.00194, 0.00675, 0.00675, 0.02102
0.00194, 0.00675, 0.00675, 0.02102
0.00194, 0.00675, 0.00675, 0.02102
0.00194, 0.00675, 0.00675, 0.02102
0.00194, 0.00675, 0.00675, 0.02102
0.00194, 0.00675, 0.00675, 0.02102
0.00194, 0.00675, 0.00675, 0.02102
0.00194, 0.00675, 0.00675, 0.02102
0.00194, 0.00675, 0.00675, 0.02102
0.00194, 0.00675, 0.00675, 0.02102
0.00194, 0.00675, 0.00675, 0.02102
0.00194, 0.00675, 0.00675, 0.02102
0.00194, 0.00675, 0.00675, 0.02102
0.00194, 0.00675, 0.00675, 0.02102
0.00194, 0.00675, 0.00675, 0.02102
0.00194, 0.00675, 0.00675, 0.02102
0.00194, 0.00675, 0.00675, 0.02102
0.00194, 0.00675, 0.00675, 0.02102
0.00194, 0.00675, 0.00675, 0.02102
0.00194, 0.00675, 0.00675, 0.02102
0.00194, 0.00675, 0.00675, 0.02102
0.00194, 0.00675, 0.00675, 0.02102
0.00194, 0.00675, 0.00675, 0.02102
0.00194, 0.00675, 0.00675, 0.02102
0.00194, 0.00675, 0.00675, 0.02102
0.00194, 0.00675, 0.00675, 0.02102
0.00194, 0.00675, 0.00675, 0.02102
0.00194, 0.00675, 0.00675, 0.02102
0.00194, 0.00675, 0.00675, 0.02102
0.00194, 0.00675, 0.00675, 0.02102
0.00194, 0.00675, 0.00675, 0.02102
0.00194, 0.00675, 0.00675, 0.02102
0.00194, 0.00675, 0.00675, 0.02102
0.00194, 0.00675, 0.00675, 0.02102
0.00194, 0.00675, 0.00675, 0.02102
0.00194, 0.00675, 0.00675, 0.02102
0.00194, 0.00675, 0.00675, 0.02102
0.00194, 0.00675, 0.00675, 0.02102
0.00194, 0.00675, 0.00675, 0.02102
0.00194, 0.00675, 0.00675, 0.02102
0.00194, 0.00675, 0.00675, 0.02102
0.00194, 0.00675, 0.00675, 0.02102
0.00194, 0.00675, 0.00675, 0.02102
0.00194, 0.00675, 0.00675, 0.02102
0.00194, 0.00675, 0.00675, 0.02102
0.00194, 0.00675, 0.00675, 0.02102
0.00194, 0.00675, 0.00675, 0.02102
0.00194, 0.00675, 0.00675, 0.02102
0.00194, 0.00675, 0.00675, 0.02102
0.00194, 0.00675, 0.00675, 0.02102
0.00194, 0.00675, 0.00675, 0.02102
0.00194, 0.00675, 0.00675, 0.02102
0.00194, 0.00675, 0.00675, 0.02102
0.00194, 0.00675, 0.00675, 0.02102
0.00194, 0.00675, 0.00675, 0.02102
0.00194, 0.00675, 0.00675, 0.02102
0.00194, 0.00675, 0.00675, 0.02102
0.00194, 0.00675, 0.00675, 0.02102
0.00194, 0.00675, 0.00675, 0.02102
0.00194, 0.00675, 0.00675, 0.02102
0.00194, 0.00675, 0.00675, 0.02102
0.00194, 0.00675, 0.00675, 0.02102
0.00194, 0.00675, 0.00675, 0.02102
0.00194, 0.00675, 0.00675, 0.02102
0.00194, 0.00675, 0.00675, 0.02102
0.00194, 0.00675, 0.00675, 0.02102
0.00194, 0.00675, 0.00675, 0.02102
0.00194, 0.00675, 0.00675, 0.02102
0.00194, 0.00675, 0.00675, 0.02102
0.00194, 0.00675, 0.00675, 0.02102
0.00194, 0.00675, 0.00675, 0.02102
0.00194, 0.00675, 0.00675, 0.02102
0.00194, 0.00675, 0.00675, 0.02102
0.00194, 0.00675, 0.00675, 0.02102
0.00194, 0.00675, 0.00675, 0.02102
0.00194, 0.00675, 0.00675, 0.02102
0.00194, 0.00675, 0.00675, 0.02102
0.00194, 0.00675, 0.00675, 0.02102
0.00194, 0.00675, 0.00675, 0.02102
0.00194, 0.00675, 0.00675, 0.02102
0.00194, 0.00675, 0.00675, 0.02102
0.00194, 0.00675, 0.00675, 0.02102
0.00194, 0.00675, 0.00675, 0.02102
0.00194, 0.00675, 0.00675, 0.02102
0.00194, 0.00675, 0.00675, 0.02102
0.00194, 0.00675, 0.00675, 0.02102
0.00194, 0.00675, 0.00675, 0.02102
0.00194, 0.00675, 0.00675, 0.02102
0.00194, 0.00675, 0.00675, 0.02102
0.00194, 0.00675, 0.00675, 0.02102
0.00194, 0.00675, 0.00675, 0.02102
0.00194, 0.00675, 0.00675, 0.02102
0.00194, 0.00675, 0.00675, 0.02102
0.00194, 0.00675, 0.00675, 0.02102
0.00194, 0.00675, 0.00675, 0.02102
0.00194, 0.00675, 0.00675, 0.02102
0.00194, 0.00675, 0.00675, 0.02102
0.00194, 0.00675, 0.00675, 0.02102
0.00194, 0.00675, 0.00675, 0.02102
0.00194, 0.00675, 0.00675, 0.02102
0.00194, 0.00675, 0.00675, 0.02102
0.00194, 0.00675, 0.00675, 0.02102
0.00194, 0.00675, 0.00675, 0.02102
0.00194, 0.00675, 0.00675, 0.02102
0.00194, 0.00675, 0.00675, 0.02102
0.00194, 0.00675, 0.00675, 0.02102
0.00194, 0.00675, 0.00675, 0.02102
0.00194, 0.00675, 0.00675, 0.02102
0.00194, 0.00675, 0.00675, 0.02102
0.00194, 0.00675, 0.00675, 0.02102
7.43702, 148.66164, 148.66164, 859.21559
3.11428, 62.25265, 62.25265, 1019.23145
3.11428, 62.25265, 62.25265, 1019.23145
3.11428, 62.25265, 62.25265, 1019.23145
3.11428, 62.25265, 62.25265, 1019.23145
7.58247, 151.56911, 151.56911, 876.01983
144.24286, 9.72464, 9.72464, 887.09623
144.24286, 9.72464, 9.72464, 887.09623
148.47391, 10.00989, 10.00989, 913.11724
148.47391, 10.00989, 10.00989, 913.11724
148.47391, 10.00989, 10.00989, 913.11724
7.35911, 159.91323, 159.91323, 920.54248
7.35911, 159.91323, 159.91323, 920.54248
7.97693, 159.45409, 159.45409, 921.59243
7.97693, 159.45409, 159.45409, 921.59243
7.97693, 159.45409, 159.45409, 921.59243
7.97693, 159.45409, 159.45409, 921.59243
7.97693, 159.45409, 159.45409, 921.59243
7.97693, 159.45409, 159.45409, 921.59243
7.97693, 159.45409, 159.45409, 921.59243
7.97693, 159.45409, 159.45409, 921.59243
7.97693, 159.45409, 159.45409, 921.59243
7.97693, 159.45409, 159.45409, 921.59243
7.97693, 159.45409, 159.45409, 921.59243
7.97693, 159.45409, 159.45409, 921.59243
7.97693, 159.45409, 159.45409, 921.59243
7.97693, 159.45409, 159.45409, 921.59243
7.97693, 159.45409, 159.45409, 921.59243
7.97693, 159.45409, 159.45409, 921.59243
7.97693, 159.45409, 159.45409, 921.59243
7.97693, 159.45409, 159.45409, 921.59243
7.97693, 159.45409, 159.45409, 921.59243
7.97693, 159.45409, 159.45409, 921.59243
7.97693, 159.45409, 159.45409, 921.59243
7.97693, 159.45409, 159.45409, 921.59243
7.97693, 159.45409, 159.45409, 921.59243
7.97693, 159.45409, 159.45409, 921.59243
7.97693, 159.45409, 159.45409, 921.59243
7.97693, 159.45409, 159.45409, 921.59243
7.97693, 159.45409, 159.45409, 921.59243
7.97693, 159.45409, 159.45409, 921.59243
7.97693, 159.45409, 159.45409, 921.59243
7.97693, 159.45409, 159.45409, 921.59243
7.97693, 159.45409, 159.45409, 921.59243
7.97693, 159.45409, 159.45409, 921.59243
7.97693, 159.45409, 159.45409, 921.59243
7.97693, 159.45409, 159.45409, 921.59243
7.97693, 159.45409, 159.45409, 921.59243
7.97693, 159.45409, 159.45409, 921.59243
7.97693, 159.45409, 159.45409, 921.59243
7.97693, 159.45409, 159.45409, 921.59243
7.97693, 159.45409, 159.45409, 921.59243
7.97693, 159.45409, 159.45409, 921.59243
7.97693, 159.45409, 159.45409, 921.59243
7.97693, 159.45409, 159.45409, 921.59243
7.97693, 159.45409, 159.45409, 921.59243
7.97693, 159.45409, 159.45409, 921.59243
7.97693, 159.45409, 159.45409, 921.59243
7.97693, 159.45409, 159.45409, 921.59243
7.97693, 159.45409, 159.45409, 921.59243
7.97937, 159.50299, 159.50299, 921.87504
7.97937, 159.50299, 159.50299, 921.87504
7.97937, 159.50299, 159.50299, 921.87504
7.97937, 159.50299, 159.50299, 921.87504
7.97937, 159.50299, 159.50299, 921.87504
7.97937, 159.50299, 159.50299, 921.87504
7.97937, 159.50299, 159.50299, 921.87504
7.97937, 159.50299, 159.50299, 921.87504
7.97937, 159.50299, 159.50299, 921.87504
7.97937, 159.50299, 159.50299, 921.87504
7.97937, 159.50299, 159.50299, 921.87504
7.97937, 159.50299, 159.50299, 921.87504
7.97937, 159.50299, 159.50299, 921.87504
7.97937, 159.50299, 159.50299, 921.87504
7.97937, 159.50299, 159.50299, 921.87504
7.97937, 159.50299, 159.50299, 921.87504
7.97937, 159.50299, 159.50299, 921.87504
7.97937, 159.50299, 159.50299, 921.87504
7.97937, 159.50299, 159.50299, 921.87504
7.97937, 159.50299, 159.50299, 921.87504
7.97937, 159.50299, 159.50299, 921.87504
7.97937, 159.50299, 159.50299, 921.87504
5.57593, 111.45958, 111.45958, 644.19990
0.03279, 0.11415, 0.11415, 0.35543
0.00194, 0.00675, 0.00675, 0.02102
4.76896, 95.32870, 95.32870, 550.96866
3.16591, 63.28475, 63.28475, 365.76512
6.37892, 127.51097, 127.51097, 736.97168
0.03956, 0.13774, 0.13774, 0.42888
7.97693, 159.45409, 159.45409, 921.59243
0.00732, 0.02548, 0.02548, 0.07933
217.65761, 0.06489, 0.06489, 505.23656
854.62236, 0.15456, 0.15456, 0.48124
0.03435, 0.11961, 0.11961, 0.37242
0.00732, 0.02548, 0.02548, 0.07933
0.00100, 0.00347, 0.00347, 110.97063
35.55022, 20.57367, 20.57367, 318.43538
0.02202, 0.07669, 0.07669, 0.23877
0.00194, 0.00675, 0.00675, 0.02102
7.97693, 159.45409, 159.45409, 921.59243
5.57348, 111.41068, 111.41068, 643.91729
7.39661, 147.85392, 147.85392, 854.54725
4.76896, 95.32870, 95.32870, 550.96866
0.02895, 0.10079, 0.10079, 0.31383
854.62236, 0.15456, 0.15456, 0.48124
0.01270, 0.04422, 0.04422, 0.13768
0.02354, 0.08197, 0.08197, 0.25522
7.18070, 143.53804, 143.53804, 829.60286
0.03435, 0.11961, 0.11961, 0.37242
2.39017, 47.77803, 47.77803, 276.14139
0.02368, 0.08245, 0.08245, 167.05441
0.02354, 0.08197, 0.08197, 0.25522
3.96615, 79.28093, 79.28093, 458.21782
114.82904, 4.30957, 4.30957, 687.35704
0.01270, 0.04422, 0.04422, 0.13768
3.96615, 79.28093, 79.28093, 458.21782
0.03434, 0.11955, 0.11955, 0.37225
47.39967, 947.49170, 947.49170, 0.53343
2.17190, 43.41503, 43.41503, 710.81248
380.06369, 129.43781, 129.43781, 395.84354
22.84867, 872.64312, 872.64312, 83.37698
0.03434, 0.11955, 0.11955, 0.37225
4.66844, 93.31935, 93.31935, 539.35529
0.03507, 0.12211, 0.12211, 0.38021
0.01684, 0.05864, 0.05864, 0.18258
3.96615, 79.28093, 79.28093, 458.21782
6.51823, 130.29558, 130.29558, 753.06578
88.21006, 5.94699, 5.94699, 542.49347
4.76896, 95.32870, 95.32870, 550.96866
0.01812, 0.06310, 0.06310, 0.19648
0.03434, 0.11955, 0.11955, 0.37225
0.02354, 0.08197, 0.08197, 0.25522
0.00213, 0.00741, 0.00741, 236.88849
3.16591, 63.28475, 63.28475, 365.76512
0.03958, 0.13780, 0.13780, 0.42906
0.00009, 33.48947, 33.48947, 193.55814
0.00153, 16.61847, 16.61847, 261.97918
47.38380, 947.17450, 947.17450, 0.53325
5.17529, 103.45094, 103.45094, 597.91256
2.39017, 47.77803, 47.77803, 276.14139
73.12867, 4.93023, 4.93023, 449.74263
88.34120, 49.72538, 49.72538, 0.44185
0.01848, 0.06433, 0.06433, 0.20030
5.57593, 111.45958, 111.45958, 644.19990
0.03435, 0.11961, 0.11961, 0.37242
7.17826, 143.48914, 143.48914, 829.32024
2.80113, 55.99286, 55.99286, 916.74301
0.03434, 0.11955, 0.11955, 0.37225
0.02291, 0.07977, 0.07977, 0.24837
6.37892, 127.51097, 127.51097, 736.97168
0.00732, 0.02548, 0.02548, 0.07933
7.74660, 154.85007, 154.85007, 894.98274
0.00009, 33.48947, 33.48947, 193.55814
0.03434, 0.11955, 0.11955, 0.37225
41.77479, 835.05356, 835.05356, 0.47013
0.02354, 0.08197, 0.08197, 0.25522
0.02895, 0.10079, 0.10079, 0.31383
0.00100, 0.00347, 0.00347, 110.97063
520.42185, 48.18918, 48.18918, 0.42820
5.57348, 111.41068, 111.41068, 643.91729
15.53823, 310.60005, 310.60005, 686.34841
0.92278, 18.44575, 18.44575, 302.00300
0.02354, 0.08197, 0.08197, 0.25522
88.21006, 5.94699, 5.94699, 542.49347
0.00732, 0.02548, 0.02548, 0.07933
0.00147, 0.00512, 0.00512, 163.72965
0.01812, 0.06310, 0.06310, 0.19648
0.00194, 0.00675, 0.00675, 0.02102
0.00732, 0.02548, 0.02548, 0.07933
6.37892, 127.51097, 127.51097, 736.97168
0.65234, 130.88020, 130.88020, 756.44470
0.01270, 0.04422, 0.04422, 0.13768
3.16591, 63.28475, 63.28475, 365.76512
31.14620, 55.78238, 55.78238, 486.29513
3.96859, 79.32983, 79.32983, 458.50044
0.00009, 33.48947, 33.48947, 193.55814
6.37892, 127.51097, 127.51097, 736.97168
375.51378, 0.06894, 0.06894, 0.21465
854.30521, 0.15450, 0.15450, 0.48106
0.00732, 0.02548, 0.02548, 0.07933
3.96615, 79.28093, 79.28093, 458.21782
0.03956, 0.13774, 0.13774, 0.42888
0.03958, 0.13780, 0.13780, 0.42906
158.15554, 626.91613, 626.91613, 0.42433
0.02895, 0.10079, 0.10079, 0.31383
0.01819, 0.06332, 0.06332, 0.19715
6.37892, 127.51097, 127.51097, 736.97168
2.39017, 47.77803, 47.77803, 276.14139
3.16591, 63.28475, 63.28475, 365.76512
0.03435, 0.11961, 0.11961, 0.37242
0.00040, 154.09847, 154.09847, 138.50428
0.00100, 0.00347, 0.00347, 110.97063
3.11332, 62.23348, 62.23348, 1018.91754
44.68526, 893.23223, 893.23223, 2.95899
33.60364, 45.39530, 45.39530, 443.46830
103.32361, 6.96592, 6.96592, 635.44209
6.37892, 127.51097, 127.51097, 736.97168
0.01270, 0.04422, 0.04422, 0.13768
61.27821, 0.04475, 0.04475, 0.13933
2.80113, 55.99286, 55.99286, 916.74301
6.38137, 127.55987, 127.55987, 737.25430
3.16591, 63.28475, 63.28475, 365.76512
0.02354, 0.08197, 0.08197, 0.25522
2.72407, 54.45250, 54.45250, 314.71763
7.97693, 159.45409, 159.45409, 921.59243
0.02895, 0.10079, 0.10079, 0.31383
57.86958, 0.07564, 0.07564, 0.23550
0.01812, 0.06310, 0.06310, 0.19648
0.00003, 12.84326, 12.84326, 210.27625
1.51143, 135.38000, 135.38000, 782.45208
0.00100, 0.00347, 0.00347, 110.97063
0.02895, 0.10079, 0.10079, 0.31383
7.97693, 159.45409, 159.45409, 921.59243
0.03958, 0.13780, 0.13780, 0.42906
7.97693, 159.45409, 159.45409, 921.59243
854.62236, 0.15456, 0.15456, 0.48124
6.37892, 127.51097, 127.51097, 736.97168
2.19917, 47.78787, 47.78787, 275.09144
2.23344, 112.02452, 112.02452, 647.46508
0.02221, 131.93977, 131.93977, 0.31128
7.17826, 143.48914, 143.48914, 829.32024
7.17826, 143.48914, 143.48914, 829.32024
0.03434, 0.11955, 0.11955, 0.37225
854.30521, 0.15450, 0.15450, 0.48106
0.00518, 0.01804, 0.01804, 25.25585
7.56794, 151.27860, 151.27860, 874.34080
47.38380, 947.17450, 947.17450, 0.53325
0.03434, 0.11955, 0.11955, 0.37225
1.39143, 27.81390, 27.81390, 455.38309
4.77140, 95.37760, 95.37760, 551.25128
0.00732, 0.02548, 0.02548, 0.07933
2.39017, 47.77803, 47.77803, 276.14139
0.03434, 0.11955, 0.11955, 0.37225
79.30556, 29.00858, 29.00858, 617.64700
5.68894, 113.71855, 113.71855, 657.25598
3.16591, 63.28475, 63.28475, 365.76512
0.01270, 0.04422, 0.04422, 0.13768
0.00194, 0.00675, 0.00675, 0.02102
6.37892, 127.51097, 127.51097, 736.97168
854.30521, 0.15450, 0.15450, 0.48106
3.16591, 63.28475, 63.28475, 365.76512
0.01021, 363.65440, 363.65440, 0.30515
3.16591, 63.28475, 63.28475, 365.76512
0.00009, 33.48947, 33.48947, 193.55814
0.03956, 0.13774, 0.13774, 0.42888
0.03435, 0.11961, 0.11961, 0.37242
1.58282, 141.25004, 141.25004, 816.37900
7.18070, 143.53804, 143.53804, 829.60286
0.00224, 0.00781, 0.00781, 547.89157
5.57348, 111.41068, 111.41068, 643.91729
47.39967, 947.49170, 947.49170, 0.53343
0.01812, 0.06310, 0.06310, 0.19648
0.00009, 33.48947, 33.48947, 193.55814
10.12716, 202.43609, 202.43609, 748.37576
0.00009, 33.48947, 33.48947, 193.55814
0.00009, 33.48947, 33.48947, 193.55814
7.74660, 154.85007, 154.85007, 894.98274
7.97693, 159.45409, 159.45409, 921.59243
7.17826, 143.48914, 143.48914, 829.32024
4.79426, 95.83442, 95.83442, 553.89160
0.00156, 0.00542, 0.00542, 13.94618
0.03612, 0.12578, 0.12578, 0.39162
0.00009, 33.48947, 33.48947, 193.55814
4.76896, 95.32870, 95.32870, 550.96866
5.57593, 111.45958, 111.45958, 644.19990
114.22332, 7.70077, 7.70077, 702.47549
0.00636, 0.02216, 0.02216, 0.06898
39.19152, 783.41562, 783.41562, 0.44105
7.81656, 156.24842, 156.24842, 903.06473
2.39017, 47.77803, 47.77803, 276.14139
0.00140, 836.22041, 836.22041, 0.46244
6.37892, 127.51097, 127.51097, 736.97168
47.38380, 947.17450, 947.17450, 0.53325
737.59819, 0.13340, 0.13340, 0.41534
0.00732, 0.02548, 0.02548, 0.07933
1.48687, 47.91903, 47.91903, 276.95630
0.02895, 0.10079, 0.10079, 0.31383
0.01812, 0.06310, 0.06310, 0.19648
3.16591, 63.28475, 63.28475, 365.76512
0.00636, 0.02216, 0.02216, 0.06898
0.00194, 0.00675, 0.00675, 0.02102
6.90423, 6.25022, 6.25022, 317.79904
0.00100, 0.00347, 0.00347, 110.97063
0.00100, 0.00347, 0.00347, 110.97063
0.00009, 33.48947, 33.48947, 193.55814
1.25241, 150.34291, 150.34291, 868.93280
0.01270, 0.04422, 0.04422, 0.13768
4.71342, 94.21848, 94.21848, 544.55198
2.39017, 47.77803, 47.77803, 276.14139
7.17826, 143.48914, 143.48914, 829.32024
0.00009, 33.48947, 33.48947, 193.55814
11.67317, 351.94778, 351.94778, 589.10242
0.03434, 0.11955, 0.11955, 0.37225
0.00100, 0.00347, 0.00347, 110.97063
7.27161, 145.35531, 145.35531, 840.10610
2.98555, 59.67948, 59.67948, 344.92787
6.78006, 135.52939, 135.52939, 783.31552
7.18070, 143.53804, 143.53804, 829.60286
0.02895, 0.10079, 0.10079, 0.31383
5.57348, 111.41068, 111.41068, 643.91729
76.64380, 63.02125, 63.02125, 789.00993
5.57593, 111.45958, 111.45958, 644.19990
0.00038, 0.00131, 0.00131, 118.54475
0.00852, 0.02967, 0.02967, 0.09239
7.97693, 159.45409, 159.45409, 921.59243
0.00194, 0.00675, 0.00675, 0.02102
89.77644, 6.05259, 6.05259, 552.12673
7.17826, 143.48914, 143.48914, 829.32024
3.96615, 79.28093, 79.28093, 458.21782
133.47035, 8.99837, 8.99837, 820.84505
0.02895, 0.10079, 0.10079, 0.31383
1.85645, 37.10934, 37.10934, 607.57270
3.96615, 79.28093, 79.28093, 458.21782
4.29080, 85.77056, 85.77056, 495.72576
7.97693, 159.45409, 159.45409, 921.59243
0.00194, 0.00675, 0.00675, 0.02102
7.17826, 143.48914, 143.48914, 829.32024
0.00877, 342.64430, 342.64430, 0.27827
0.00194, 0.00675, 0.00675, 0.02102
24.36221, 95.21849, 95.21849, 663.60973
4.22500, 133.90214, 133.90214, 773.91054
3.63174, 100.57942, 100.57942, 581.31612
7.13036, 142.53181, 142.53181, 823.78723
0.00194, 0.00675, 0.00675, 0.02102
70.92642, 21.20529, 21.20529, 0.18905
1.32280, 51.44939, 51.44939, 941.96543
2.39017, 47.77803, 47.77803, 276.14139
5.57348, 111.41068, 111.41068, 643.91729
7.97693, 159.45409, 159.45409, 921.59243
0.03434, 0.11955, 0.11955, 0.37225
0.00100, 0.00347, 0.00347, 110.97063
148.47391, 10.00989, 10.00989, 913.11724
18.18998, 363.60697, 363.60697, 686.05335
7.17920, 143.50807, 143.50807, 829.42965
0.02895, 0.10079, 0.10079, 0.31383
divergence_from_baseline:109.689910168
