
Model: DTLZ_5
Args:
	number of decisions: 30
	number of objectives: 2
Settings: 
{	:better <function lt at 0x108ffa140>
 	:candidates 500
 	:era 100
 	:gens 500
 	:lives 3
 	:mutate_prob 0.25
 	:patience 2
 	:retain 0.33
}

Baseline Population: 
0.23279, 1.28333
0.35553, 0.97219
0.61375, 1.06638
0.46685, 1.04803
0.71043, 1.11646
0.50961, 1.03291
0.23111, 1.27385
0.34626, 0.98723
0.77306, 1.06630
0.27532, 1.08785
0.27351, 1.22480
0.52216, 1.03452
0.34020, 0.96905
0.57059, 1.14385
0.46880, 1.08128
0.49858, 1.02918
0.44309, 1.09753
0.51526, 1.13375
0.50343, 1.03123
0.22994, 1.27105
0.72604, 1.05781
0.20058, 1.17066
0.67975, 1.10945
0.31292, 1.05176
0.12073, 1.23888
0.62366, 1.10927
0.31993, 1.04676
0.29968, 1.04719
0.56423, 1.03810
0.50173, 1.02918
0.72443, 1.06775
0.30134, 1.05141
0.28317, 1.07075
0.55868, 1.09087
0.53535, 1.15784
0.58764, 1.12260
0.50431, 1.15479
0.34631, 0.96443
0.49390, 1.03805
0.33012, 1.00376
0.35356, 0.99440
0.37412, 0.98607
0.26274, 1.10250
0.65996, 1.04798
0.44581, 1.12270
0.66647, 1.10163
0.53671, 1.03500
0.42018, 1.13969
0.62381, 1.04480
0.44541, 1.08402
0.41827, 1.09951
0.34045, 0.96633
0.63542, 1.09928
0.33147, 0.94603
0.08286, 1.28183
0.34360, 1.14538
0.34079, 0.95794
0.69200, 1.07236
0.29219, 1.06476
0.79517, 1.10908
0.34151, 0.95875
0.34775, 0.98347
0.74452, 1.08546
0.65999, 1.10673
0.32186, 0.99836
0.33285, 0.94786
0.49934, 1.14199
0.66431, 1.06939
0.33204, 0.95439
0.33084, 0.96545
0.34421, 0.99516
0.33645, 0.96657
0.34474, 1.00355
0.33455, 1.00651
0.33171, 0.94799
0.33013, 1.01301
0.63408, 1.08225
0.50153, 1.03556
0.69414, 1.12818
0.66552, 1.04445
0.42532, 1.10758
0.32313, 1.00769
0.40933, 1.15211
0.33106, 0.94460
0.31459, 1.03301
0.18890, 1.18050
0.46406, 1.04315
0.33277, 0.95257
0.34141, 1.00249
0.60266, 1.06551
0.41283, 1.13191
0.34124, 0.96162
0.80451, 1.07207
0.66272, 1.04812
0.56964, 1.03820
0.34031, 0.95858
0.54278, 1.05439
0.60593, 1.15957
0.78246, 1.08781
0.78244, 1.11200
0.34589, 0.98704
0.33236, 0.95571
0.33484, 0.95384
0.32852, 0.98085
0.36429, 1.15320
0.32847, 1.21040
0.30725, 1.03098
0.71100, 1.05637
0.80335, 1.10851
0.44230, 1.04430
0.25019, 1.11721
0.33374, 0.99776
0.32773, 0.98891
0.35053, 0.98530
0.35802, 1.01256
0.33589, 0.95647
0.33097, 0.96490
0.33090, 0.94425
0.33190, 0.94712
0.89030, 1.09864
0.33642, 0.98373
0.52699, 1.13943
0.28365, 1.08237
0.74408, 1.08813
0.33124, 0.99974
0.29994, 1.05903
0.43097, 1.14522
0.11062, 1.25350
1.00256, 1.09932
0.30851, 1.03187
0.55747, 1.10495
0.37475, 0.99562
0.33693, 0.95896
0.20103, 1.29884
0.51208, 1.06367
0.43397, 1.05345
0.33702, 0.97112
0.33856, 0.98549
0.33245, 0.96684
0.46956, 1.09253
0.52026, 1.14395
0.35122, 0.96775
0.36860, 0.97893
0.29208, 1.06080
0.32474, 0.99111
0.34652, 0.97599
0.34601, 0.96220
0.34658, 0.97818
0.33256, 0.95251
0.33107, 0.94460
0.48785, 1.04260
0.21914, 1.15046
0.33080, 0.94389
0.37173, 0.98324
0.45827, 1.07115
0.57586, 1.05326
0.29739, 1.05980
0.44878, 1.06350
0.06396, 1.30731
0.72631, 1.07067
0.13850, 1.23337
0.33274, 0.94750
0.55294, 1.03666
0.33470, 0.96150
0.57817, 1.04119
0.71046, 1.15445
0.37384, 0.99509
0.35477, 0.96978
0.64772, 1.07567
0.16293, 1.20449
0.34060, 0.97232
0.68280, 1.04318
0.61797, 1.04231
0.35087, 1.00896
0.37232, 1.10744
0.33151, 0.94696
0.40360, 1.09109
0.34862, 0.97881
0.42928, 1.15150
0.40709, 1.16441
0.66719, 1.07292
0.33744, 1.17418
0.31931, 1.00445
0.33826, 0.95473
0.33115, 0.94529
0.28407, 1.07999
0.35198, 1.13409
0.53163, 1.08131
0.35929, 0.98577
0.80974, 1.13427
0.52887, 1.05000
0.57081, 1.05969
0.43612, 1.05028
0.85050, 1.11484
0.26379, 1.10542
0.33426, 0.96581
0.41527, 1.08815
0.37712, 0.98732
0.30068, 1.04870
0.30640, 1.03727
0.58088, 1.09987
0.32748, 1.02421
0.10356, 1.26740
0.66194, 1.04905
0.28300, 1.07574
0.35047, 0.96697
0.82055, 1.10103
0.49858, 1.03359
0.33405, 0.95416
0.11218, 1.25008
0.33317, 1.03774
0.43189, 1.08683
0.48371, 1.03716
0.67309, 1.09071
0.33355, 1.02164
0.30981, 1.02544
0.30286, 1.05790
0.33187, 0.95518
0.46257, 1.02880
0.32663, 0.98399
0.15347, 1.21572
0.33130, 0.96627
0.31765, 1.00832
0.27586, 1.08616
0.31435, 1.01587
0.31225, 1.02450
0.31442, 1.05124
0.76909, 1.06821
0.41778, 1.13533
0.58701, 1.10023
0.68942, 1.07841
0.53752, 1.09160
0.31475, 1.01782
0.35648, 0.98859
0.31756, 1.04935
0.32466, 0.99002
0.32108, 1.01739
0.63652, 1.14439
0.32611, 1.00068
0.35253, 0.97744
0.33108, 0.94450
0.68624, 1.04402
0.45845, 1.03457
0.36405, 0.98494
0.29045, 1.07422
0.53450, 1.03737
0.12175, 1.24366
0.50234, 1.08066
0.33189, 0.94614
0.33140, 0.94580
0.53107, 1.07008
0.27469, 1.08332
0.14387, 1.22039
0.33310, 0.97724
0.56366, 1.06379
0.21196, 1.30758
0.57697, 1.04526
0.61025, 1.15565
0.62031, 1.04421
0.15914, 1.21117
0.32630, 0.98482
0.22120, 1.15022
0.54708, 1.03657
0.56902, 1.06672
0.50251, 1.03308
0.33645, 0.95415
0.59797, 1.07000
0.54367, 1.09334
0.33153, 0.95985
0.44514, 1.09963
0.48482, 1.03422
0.81775, 1.10052
0.49442, 1.08183
0.36472, 1.13268
0.39943, 1.15364
0.24230, 1.24286
0.67821, 1.05910
0.70554, 1.05638
0.61594, 1.09140
0.36128, 1.01049
0.35031, 0.99620
0.38801, 1.15158
0.66301, 1.08490
0.51876, 1.11117
0.32769, 0.98273
0.31408, 1.04154
0.65203, 1.05953
0.87322, 1.09006
0.43019, 1.08301
0.33226, 1.01177
0.43135, 1.08067
0.35547, 0.97524
0.62618, 1.07623
0.47600, 1.07083
0.50290, 1.14567
0.48721, 1.03101
0.35719, 0.97976
0.33751, 0.96845
0.33329, 0.96015
0.49699, 1.12641
0.71368, 1.06192
0.86522, 1.07917
0.66094, 1.14968
0.33264, 0.95664
0.32746, 0.98237
0.35728, 0.97895
0.12817, 1.23414
0.66043, 1.06046
0.40297, 1.14554
0.33414, 0.94980
0.32810, 0.98138
0.79250, 1.14136
0.48994, 1.09817
0.34454, 0.97809
0.33483, 0.95458
0.27051, 1.09557
0.28240, 1.08785
0.34432, 0.98555
0.78337, 1.07439
0.33562, 0.95141
0.33476, 0.97167
0.56151, 1.04287
0.40031, 1.12193
0.53882, 1.08922
0.78280, 1.08039
0.16366, 1.20376
0.47494, 1.10467
0.71064, 1.06056
0.34336, 0.98741
0.03640, 1.33547
0.47531, 1.09596
0.82881, 1.12840
0.69500, 1.05409
0.45998, 1.14077
0.33883, 0.95925
0.32988, 0.97032
0.50998, 1.11158
0.33136, 0.94668
0.21723, 1.15304
0.23116, 1.26195
0.53840, 1.08585
0.41031, 1.10706
0.54636, 1.04091
0.35131, 0.98095
0.33160, 0.95747
0.67484, 1.06663
0.44846, 1.04158
0.18518, 1.18407
0.56691, 1.04329
0.34902, 1.01274
0.36707, 1.00120
0.32766, 0.98172
0.32642, 1.01791
0.15311, 1.21277
0.33175, 0.94921
0.14377, 1.22662
0.66846, 1.08163
0.58021, 1.14255
0.55563, 1.06485
0.45284, 1.06018
0.34844, 0.97598
0.32666, 0.98503
0.44623, 1.11636
0.30197, 1.21869
0.25314, 1.28164
0.49208, 1.02682
0.46040, 1.04411
0.49397, 1.11278
0.31002, 1.05349
0.55164, 1.10608
0.28178, 1.08740
0.35201, 0.96846
0.33145, 0.95917
0.49667, 1.08331
0.31207, 1.05654
0.07319, 1.29408
0.68971, 1.05537
0.30493, 1.04866
0.47352, 1.03907
0.29791, 1.05904
0.35282, 0.96847
0.27152, 1.08945
0.48483, 1.03818
0.30244, 1.18354
0.64538, 1.06609
0.33393, 0.95064
0.32312, 0.99830
0.45898, 1.15586
0.11261, 1.24871
0.33154, 0.94714
0.45508, 1.04416
0.37244, 1.12553
0.32131, 1.00540
0.37212, 0.99056
0.36345, 0.97653
0.73360, 1.12864
0.69488, 1.07577
0.29489, 1.05365
0.33413, 0.98174
0.83857, 1.11982
0.36395, 0.99663
0.44198, 1.09811
0.38409, 0.98750
0.11931, 1.24511
0.33184, 0.95302
0.33184, 0.94602
0.32536, 0.99813
0.32250, 1.02342
0.53364, 1.06248
0.32977, 0.97212
0.43212, 1.10155
0.52973, 1.13648
0.48555, 1.02408
0.75325, 1.15208
0.48774, 1.07865
0.50697, 1.04588
0.37995, 0.98929
0.57812, 1.13070
0.33374, 0.96246
0.29262, 1.05680
0.31413, 1.02091
0.30161, 1.05155
0.33464, 1.02721
0.34478, 0.98974
0.54007, 1.04692
0.36344, 1.13051
0.36837, 0.99219
0.34374, 0.96127
0.22756, 1.29391
0.32970, 0.97126
0.54051, 1.03529
0.66049, 1.04688
0.11709, 1.37382
0.68372, 1.04395
0.35583, 0.99077
0.36765, 0.97943
0.33634, 0.95256
0.33182, 0.95379
0.17343, 1.32490
0.34936, 0.98826
0.38304, 0.98822
0.29192, 1.07336
0.29832, 1.19092
0.43590, 1.10735
0.60826, 1.05305
0.50690, 1.14724
0.51811, 1.03597
0.10134, 1.26164
0.35316, 0.99614
0.34057, 0.95933
0.70096, 1.11874
0.24785, 1.28289
0.52916, 1.06835
0.35722, 0.97141
0.67254, 1.10210
0.41147, 1.16481
0.44598, 1.11063
0.34911, 0.96531
0.29698, 1.06452
0.41097, 1.15879
0.35474, 0.96947
0.35066, 0.97166
0.44681, 1.09093
0.43378, 1.13072
0.56795, 1.03886
0.36544, 0.97945
0.37340, 0.99715
0.36495, 0.98593
0.54141, 1.06707
0.71709, 1.08566
0.56594, 1.07458
0.33189, 0.94697
0.46559, 1.01924
0.37776, 1.12710
0.33351, 0.94919
0.17521, 1.19324
0.83049, 1.12613
0.53536, 1.04378
0.63458, 1.07963
0.32661, 0.98450
0.31957, 1.00410
0.32816, 0.98165
0.43446, 1.06470
0.56707, 1.03852
0.20467, 1.28553
0.50348, 1.02923
0.32160, 1.01056
0.12722, 1.23399
0.38437, 1.10081
0.38655, 1.17889
0.60164, 1.04523
0.28105, 1.08854
0.34960, 0.98758
0.33162, 0.94555
0.16578, 1.34109
0.47868, 1.05480
0.63934, 1.08160
0.22484, 1.30496
0.80740, 1.06722
0.32863, 0.97587

Final Population: 
0.33075, 0.94372
0.33075, 0.94372
0.33075, 0.94372
0.33075, 0.94372
0.33075, 0.94372
0.33075, 0.94372
0.33075, 0.94372
0.33075, 0.94372
0.33075, 0.94372
0.33075, 0.94372
0.33075, 0.94372
0.33075, 0.94372
0.33075, 0.94372
0.33075, 0.94372
0.33075, 0.94372
0.33075, 0.94372
0.33075, 0.94372
0.33075, 0.94372
0.33075, 0.94372
0.33075, 0.94372
0.33075, 0.94372
0.33075, 0.94372
0.33075, 0.94372
0.33075, 0.94372
0.33075, 0.94372
0.33075, 0.94372
0.33075, 0.94372
0.33075, 0.94372
0.33075, 0.94372
0.33075, 0.94372
0.33075, 0.94372
0.33075, 0.94372
0.33075, 0.94372
0.33075, 0.94372
0.33075, 0.94372
0.33075, 0.94372
0.33075, 0.94372
0.33075, 0.94372
0.33075, 0.94372
0.33075, 0.94372
0.33075, 0.94372
0.33075, 0.94372
0.33075, 0.94372
0.33075, 0.94372
0.33075, 0.94372
0.33075, 0.94372
0.33075, 0.94372
0.33075, 0.94372
0.33075, 0.94372
0.33075, 0.94372
0.33075, 0.94372
0.33075, 0.94372
0.33075, 0.94372
0.33075, 0.94372
0.33075, 0.94372
0.33075, 0.94372
0.33075, 0.94372
0.33075, 0.94372
0.33075, 0.94372
0.33075, 0.94372
0.33075, 0.94372
0.33075, 0.94372
0.33075, 0.94372
0.33075, 0.94372
0.33075, 0.94372
0.33075, 0.94372
0.33075, 0.94372
0.33075, 0.94372
0.33075, 0.94372
0.33075, 0.94372
0.33075, 0.94372
0.33075, 0.94372
0.33075, 0.94372
0.33075, 0.94372
0.33075, 0.94372
0.33075, 0.94372
0.33075, 0.94372
0.33075, 0.94372
0.33075, 0.94372
0.33075, 0.94372
0.33075, 0.94372
0.33075, 0.94372
0.33075, 0.94372
0.33075, 0.94372
0.33075, 0.94372
0.33075, 0.94372
0.33075, 0.94372
0.33075, 0.94372
0.33075, 0.94372
0.33075, 0.94372
0.33075, 0.94372
0.33075, 0.94372
0.33075, 0.94372
0.33075, 0.94372
0.33075, 0.94372
0.33075, 0.94372
0.33075, 0.94372
0.33075, 0.94372
0.33075, 0.94372
0.33075, 0.94372
0.33075, 0.94372
0.33075, 0.94372
0.33075, 0.94372
0.33075, 0.94372
0.33075, 0.94372
0.33075, 0.94372
0.33075, 0.94372
0.33075, 0.94372
0.33075, 0.94372
0.33075, 0.94372
0.33075, 0.94372
0.33075, 0.94372
0.33075, 0.94372
0.33075, 0.94372
0.33075, 0.94372
0.33075, 0.94372
0.33075, 0.94372
0.33075, 0.94372
0.33075, 0.94372
0.33075, 0.94372
0.33075, 0.94372
0.33075, 0.94372
0.33075, 0.94372
0.33075, 0.94372
0.33075, 0.94372
0.33075, 0.94372
0.33075, 0.94372
0.33075, 0.94372
0.33075, 0.94372
0.33075, 0.94372
0.33075, 0.94372
0.33075, 0.94372
0.33075, 0.94372
0.33075, 0.94372
0.33075, 0.94372
0.33075, 0.94372
0.33075, 0.94372
0.33075, 0.94372
0.33075, 0.94372
0.33075, 0.94372
0.33075, 0.94372
0.33075, 0.94372
0.33075, 0.94372
0.33075, 0.94372
0.33075, 0.94372
0.33075, 0.94372
0.33075, 0.94372
0.33075, 0.94372
0.33075, 0.94372
0.33075, 0.94372
0.33075, 0.94372
0.33075, 0.94372
0.33075, 0.94372
0.33075, 0.94372
0.33075, 0.94372
0.33075, 0.94372
0.33075, 0.94372
0.33075, 0.94372
0.33075, 0.94372
0.33075, 0.94372
0.33075, 0.94372
0.33075, 0.94372
0.33075, 0.94372
0.33075, 0.94372
0.33075, 0.94372
1.00138, 1.09966
1.00138, 1.09966
1.00138, 1.09966
1.00138, 1.09966
1.00138, 1.09966
1.00138, 1.09966
1.00138, 1.09966
1.00138, 1.09966
1.00138, 1.09966
1.00138, 1.09966
1.00138, 1.09966
1.00138, 1.09966
1.00138, 1.09966
1.00138, 1.09966
1.00138, 1.09966
1.00138, 1.09966
1.00138, 1.09966
1.00138, 1.09966
1.00138, 1.09966
1.00138, 1.09966
1.00138, 1.09966
1.00138, 1.09966
1.00138, 1.09966
1.00138, 1.09966
1.00138, 1.09966
1.00138, 1.09966
1.00138, 1.09966
1.00138, 1.09966
1.00138, 1.09966
1.00138, 1.09966
1.00138, 1.09966
1.00138, 1.09966
1.00138, 1.09966
1.00138, 1.09966
1.00138, 1.09966
1.00138, 1.09966
1.00138, 1.09966
1.00138, 1.09966
1.00138, 1.09966
1.00138, 1.09966
1.00138, 1.09966
1.00138, 1.09966
1.00138, 1.09966
1.00138, 1.09966
1.00138, 1.09966
1.00138, 1.09966
1.00138, 1.09966
1.00138, 1.09966
1.00138, 1.09966
1.00138, 1.09966
1.00138, 1.09966
1.00138, 1.09966
1.00138, 1.09966
1.00138, 1.09966
1.00138, 1.09966
1.00138, 1.09966
1.00138, 1.09966
1.00138, 1.09966
1.00138, 1.09966
1.00138, 1.09966
1.00138, 1.09966
1.00138, 1.09966
1.00138, 1.09966
1.00138, 1.09966
1.00138, 1.09966
1.00138, 1.09966
1.00138, 1.09966
1.00138, 1.09966
1.00138, 1.09966
1.00138, 1.09966
1.00138, 1.09966
1.00138, 1.09966
1.00138, 1.09966
1.00138, 1.09966
1.00138, 1.09966
1.00138, 1.09966
1.00138, 1.09966
1.00138, 1.09966
1.00138, 1.09966
1.00138, 1.09966
1.00189, 1.09951
1.00256, 1.09932
0.33075, 0.94372
0.33075, 0.94372
0.33075, 0.94372
0.33075, 0.94372
0.33075, 0.94372
0.33123, 0.94509
0.33075, 0.94372
0.33075, 0.94372
0.33075, 0.94372
0.33075, 0.94372
0.33075, 0.94372
0.33075, 0.94372
0.33075, 0.94372
0.33075, 0.94372
0.33075, 0.94372
0.33166, 0.94637
0.33075, 0.94372
0.33075, 0.94372
0.33075, 0.94372
0.33563, 0.95141
0.33075, 0.94372
0.46491, 1.15894
0.33075, 0.94372
0.33075, 0.94372
0.59636, 1.15552
0.33075, 0.94372
0.33075, 0.94372
0.33456, 0.95461
0.33075, 0.94372
0.33075, 0.94372
0.89362, 1.08306
0.33075, 0.94372
0.33075, 0.94372
0.78897, 1.06460
0.33075, 0.94372
0.33075, 0.94372
0.33075, 0.94372
0.33075, 0.94372
0.33075, 0.94372
0.33075, 0.94372
0.33075, 0.94372
0.33075, 0.94372
0.33075, 0.94372
0.33075, 0.94372
0.33075, 0.94372
0.33075, 0.94372
0.89691, 1.12563
0.33075, 0.94372
0.41031, 1.17073
0.33075, 0.94372
0.33075, 0.94372
0.33075, 0.94372
0.33075, 0.94372
0.68411, 1.04335
0.33075, 0.94372
0.78522, 1.06389
0.33075, 0.94372
0.33075, 0.94372
0.33075, 0.94372
0.33075, 0.94372
0.33075, 0.94372
0.33075, 0.94372
0.40816, 1.16461
0.25476, 1.12310
0.33075, 0.94372
0.33075, 0.94372
0.33075, 0.94372
0.33075, 0.94372
0.68289, 1.04309
0.33075, 0.94372
0.33075, 0.94372
0.33075, 0.94372
0.33075, 0.94372
0.40476, 1.17276
0.33075, 0.94372
0.33075, 0.94372
0.33075, 0.94372
0.33075, 0.94372
0.86687, 1.13153
0.33075, 0.94372
0.33075, 0.94372
0.33075, 0.94372
0.38109, 1.08735
0.33075, 0.94372
0.33075, 0.94372
0.10437, 1.38180
0.77548, 1.06171
0.33075, 0.94372
0.33075, 0.94372
0.33075, 0.94372
0.33075, 0.94372
0.33075, 0.94372
0.33075, 0.94372
0.69734, 1.04620
0.33075, 0.94372
0.33075, 0.94372
0.33075, 0.94372
0.33075, 0.94372
0.33075, 0.94372
0.33075, 0.94372
0.98938, 1.09792
0.67103, 1.15365
0.95627, 1.09299
0.33075, 0.94372
0.33075, 0.94372
0.33075, 0.94372
0.33075, 0.94372
0.33075, 0.94372
0.33075, 0.94372
0.33075, 0.94372
0.33075, 0.94372
0.41031, 1.17073
0.33075, 0.94372
0.33075, 0.94372
0.33075, 0.94372
0.33075, 0.94372
0.33075, 0.94372
0.33075, 0.94372
0.33075, 0.94372
0.33075, 0.94372
0.33075, 0.94372
0.33075, 0.94372
0.33075, 0.94372
0.33075, 0.94372
0.33075, 0.94372
0.33075, 0.94372
0.33075, 0.94372
0.33075, 0.94372
0.33075, 0.94372
0.33075, 0.94372
0.33075, 0.94372
0.33075, 0.94372
0.41031, 1.17073
0.33075, 0.94372
0.33075, 0.94372
0.33075, 0.94372
0.33075, 0.94372
0.33075, 0.94372
0.33075, 0.94372
0.33075, 0.94372
0.33075, 0.94372
0.33075, 0.94372
0.33075, 0.94372
0.67329, 1.04323
0.33075, 0.94372
0.31013, 1.23180
0.33075, 0.94372
0.33075, 0.94372
0.33075, 0.94372
0.33075, 0.94372
0.38276, 1.09212
0.33075, 0.94372
0.41031, 1.17073
0.87052, 1.13085
0.40047, 1.14267
0.33075, 0.94372
0.33075, 0.94372
0.33075, 0.94372
0.33075, 0.94372
0.68289, 1.04309
0.85669, 1.07683
0.33075, 0.94372
0.33075, 0.94372
0.33075, 0.94372
0.33075, 0.94372
0.61827, 1.04212
0.33277, 0.94948
0.68289, 1.04309
0.33075, 0.94372
0.33075, 0.94372
0.33075, 0.94372
0.33075, 0.94372
0.33075, 0.94372
0.33075, 0.94372
0.33075, 0.94372
0.40081, 1.14362
0.33075, 0.94372
0.33075, 0.94372
0.36794, 1.19090
0.41031, 1.17073
0.33075, 0.94372
0.68301, 1.04311
0.33075, 0.94372
0.33075, 0.94372
0.34512, 0.98472
0.33075, 0.94372
0.33075, 0.94372
0.75987, 1.05900
0.33075, 0.94372
0.33075, 0.94372
0.33075, 0.94372
0.33614, 0.96143
0.33075, 0.94372
0.33162, 0.94929
0.33075, 0.94372
0.33075, 0.94372
0.33075, 0.94372
0.33075, 0.94372
0.33075, 0.94372
0.33075, 0.94372
0.33075, 0.94372
0.33075, 0.94372
0.33075, 0.94372
0.55209, 1.15572
-0.06171, 1.46956
0.33242, 0.94690
0.33075, 0.94372
0.68515, 1.04358
0.33075, 0.94372
0.33075, 0.94372
0.33075, 0.94372
0.68289, 1.04309
0.33075, 0.94372
0.59386, 1.15554
0.33075, 0.94372
0.33075, 0.94372
0.33075, 0.94372
0.33075, 0.94372
0.41031, 1.17073
0.33075, 0.94372
0.33075, 0.94372
0.75233, 1.05751
0.33075, 0.94372
0.33075, 0.94372
0.82934, 1.07202
0.71215, 1.04933
0.41031, 1.17073
0.33075, 0.94372
0.33075, 0.94372
0.33075, 0.94372
0.33075, 0.94372
0.29434, 1.09010
0.33075, 0.94372
0.33075, 0.94372
0.33075, 0.94372
0.33075, 0.94372
0.33075, 0.94372
0.33075, 0.94372
0.33075, 0.94372
0.60813, 1.15540
0.68289, 1.04309
0.33075, 0.94372
0.33075, 0.94372
0.33075, 0.94372
0.38876, 1.10924
0.33075, 0.94372
0.84770, 1.07527
0.33075, 0.94372
0.33075, 0.94372
0.33075, 0.94372
0.33075, 0.94372
0.33075, 0.94372
0.33075, 0.94372
divergence_from_baseline:0.00168772790637
