
Model: DTLZ_5
Args:
	number of decisions: 10
	number of objectives: 2Settings: 
{	:better <function lt at 0x10aaea1b8>
 	:candidates 500
 	:era 100
 	:gens 500
 	:lives 3
 	:mutate_prob 0.25
 	:patience 2
 	:retain 0.33
}
 Baseline Population: 
0.61200, 1.04606
0.57668, 1.05135
0.58096, 1.13890
0.49872, 1.15543
0.73962, 1.06715
0.32162, 1.00348
0.15309, 1.21961
0.29998, 1.05737
0.65512, 1.07496
0.55867, 1.04638
0.53517, 1.08548
0.33950, 0.98697
0.34990, 0.96638
0.28045, 1.08267
0.53958, 1.06033
0.34011, 0.96817
0.38340, 0.99579
0.55252, 1.05353
0.78005, 1.06904
0.33321, 0.97597
0.51365, 1.11567
0.32620, 1.02966
0.27233, 1.08993
0.31291, 1.01930
0.72390, 1.13321
0.32957, 0.97587
0.33917, 0.97318
0.73015, 1.08539
0.36291, 0.97684
0.85031, 1.11968
0.30735, 1.03053
0.33884, 1.02685
0.52876, 1.12906
0.61908, 1.15083
0.13883, 1.23397
0.32851, 0.98501
0.36448, 0.97714
0.32912, 1.03713
0.10202, 1.27969
0.56811, 1.15387
0.33431, 0.95577
0.35167, 0.96901
0.58063, 1.05933
0.32413, 0.99627
0.33947, 0.97042
0.28981, 1.06211
0.33195, 0.96707
0.26801, 1.10190
0.83872, 1.11477
0.37116, 0.99539
0.33774, 0.95800
0.21009, 1.16414
0.90257, 1.11272
-0.02340, 1.41032
0.84004, 1.08856
0.33846, 0.95921
0.29127, 1.09570
0.29869, 1.04790
0.68537, 1.12455
0.33402, 1.02117
0.69097, 1.14306
0.36068, 1.01331
0.33167, 0.96348
0.33648, 0.98149
0.20437, 1.17733
0.48938, 1.10454
0.33589, 0.96055
0.33798, 1.00417
0.34049, 0.95845
0.54829, 1.04308
0.33123, 1.04882
0.31522, 1.02235
0.76162, 1.09699
0.36264, 0.99363
0.33233, 0.95224
0.29062, 1.06816
0.36199, 1.01920
0.34258, 0.97271
0.37225, 0.98294
0.29903, 1.04775
0.44185, 1.15297
0.64242, 1.11600
0.49914, 1.12077
0.53280, 1.04669
0.37661, 0.98788
0.34895, 0.98666
0.36521, 1.01160
0.69062, 1.14242
0.60103, 1.04350
0.11356, 1.24590
0.32457, 0.99366
0.03742, 1.34281
0.34455, 0.97069
0.33481, 0.95988
0.34472, 1.01484
0.33432, 0.95692
0.27539, 1.08322
0.56571, 1.03796
0.33900, 0.99767
0.15024, 1.22835
0.35562, 1.01577
0.71600, 1.14454
0.73200, 1.08369
0.33516, 1.02248
0.65471, 1.07363
0.14350, 1.22752
0.73064, 1.07709
0.56516, 1.04485
0.35516, 0.97498
0.14567, 1.23830
0.33531, 0.95159
0.33127, 0.94594
0.76087, 1.11727
0.32480, 1.02926
0.34920, 0.97413
0.36416, 0.99403
0.35566, 0.97151
0.33995, 1.01185
0.29228, 1.06338
0.30838, 1.02937
0.46973, 1.16214
0.61719, 1.04689
0.33934, 0.95681
0.25034, 1.11476
0.33389, 1.00497
0.68225, 1.12949
0.32884, 0.97692
0.55776, 1.05626
0.69847, 1.05277
0.35994, 0.97625
0.46601, 1.16182
0.32330, 1.00571
0.35395, 1.00563
0.68886, 1.11413
0.55766, 1.04503
0.37096, 0.99270
0.49150, 1.14620
0.33470, 0.95024
0.12981, 1.24178
0.33331, 0.95175
0.34667, 0.96400
0.33419, 0.95343
0.13037, 1.23643
0.64944, 1.04737
0.70053, 1.04753
0.81609, 1.08352
0.31811, 1.04497
0.36746, 0.99467
0.43749, 1.14984
0.50920, 1.09787
0.31590, 1.01247
0.34443, 0.97945
0.72910, 1.07272
0.33347, 0.95074
0.31753, 1.00862
0.27512, 1.08338
-0.03015, 1.41419
0.32241, 1.05359
0.56717, 1.10470
0.32540, 0.98890
0.23128, 1.14241
0.22918, 1.13933
0.21619, 1.15728
0.11658, 1.25460
0.82115, 1.11682
0.46458, 1.13751
0.36335, 0.97564
0.38848, 0.99251
0.29776, 1.07118
0.55950, 1.14087
0.29800, 1.07143
0.36957, 0.97934
0.47296, 1.11242
0.23551, 1.13803
0.33327, 0.97055
0.33143, 0.94722
0.37114, 1.00350
0.53124, 1.09873
0.30324, 1.04591
0.33814, 1.00045
0.33169, 0.95554
0.37535, 0.98278
0.57827, 1.03922
0.37348, 0.99335
0.24632, 1.13462
0.30596, 1.03370
0.49979, 1.12693
0.35013, 0.96906
0.34887, 0.97301
0.88739, 1.11740
0.36777, 0.99326
0.52179, 1.09911
0.35486, 0.99256
0.62062, 1.04241
0.36609, 0.97718
0.32377, 1.00172
0.36391, 0.98787
0.30720, 1.03084
0.22476, 1.14791
0.21664, 1.15515
0.33313, 0.95151
0.60359, 1.05277
0.14458, 1.22340
0.68280, 1.04332
0.29093, 1.06438
0.33712, 0.98288
0.53412, 1.08350
0.33035, 0.97412
0.42707, 1.17025
0.31932, 1.03957
0.33896, 0.95610
0.34105, 1.00118
0.57613, 1.05569
0.67151, 1.04375
0.35117, 0.99226
0.27646, 1.11023
0.34223, 0.97749
0.82343, 1.07868
0.63838, 1.11352
0.61485, 1.13930
0.33362, 1.03223
0.93980, 1.08809
0.66290, 1.04347
0.89288, 1.10298
0.47061, 1.11974
0.33785, 0.95661
0.64394, 1.07815
0.81644, 1.12137
0.57453, 1.09840
0.75391, 1.08041
0.38856, 0.99124
0.33611, 0.99520
0.58290, 1.06988
0.06458, 1.31156
0.55570, 1.15969
0.34488, 0.96346
0.25112, 1.11646
0.37366, 1.00480
0.35663, 0.97320
0.53394, 1.15974
0.31092, 1.03563
0.31620, 1.01169
0.66176, 1.05855
0.34013, 0.96956
0.31236, 1.03187
0.66553, 1.04753
0.33248, 0.94700
0.33333, 0.94879
0.33338, 0.97206
0.17170, 1.19780
0.34640, 0.99227
0.25380, 1.13228
0.26928, 1.09158
0.11213, 1.25287
0.34714, 1.03077
0.56290, 1.04338
0.28886, 1.07625
0.33129, 0.97433
0.68904, 1.04436
0.37937, 0.99552
0.32512, 1.01878
0.33152, 0.94543
0.37776, 0.99291
0.62477, 1.04290
0.73451, 1.05878
0.37902, 0.99306
0.30159, 1.05599
0.35794, 0.97930
0.33165, 0.94918
0.55553, 1.04990
0.33219, 0.94939
0.33240, 0.94887
0.34468, 0.98890
0.69578, 1.04455
0.27300, 1.08647
0.33383, 0.95000
0.38012, 1.00653
0.79460, 1.06372
0.32834, 0.97719
0.31136, 1.05306
0.67777, 1.06774
0.29572, 1.05684
0.34840, 0.98341
0.32407, 0.99190
0.31014, 1.06685
0.57030, 1.04999
0.36773, 0.98151
0.33456, 0.98349
0.24540, 1.12156
0.80040, 1.09247
0.65329, 1.05944
0.32536, 1.04910
0.56174, 1.07354
0.33588, 0.99362
0.30509, 1.07862
0.33377, 1.00724
0.35717, 0.99212
0.75584, 1.06687
0.64937, 1.04407
0.72902, 1.07301
0.37251, 0.99554
0.64066, 1.05174
0.32096, 1.00116
0.35683, 0.97085
0.71275, 1.06718
0.31290, 1.02257
0.36717, 0.99791
0.59609, 1.11275
0.33319, 0.94845
0.33097, 0.94424
0.76573, 1.09754
0.37364, 0.98433
0.95267, 1.11197
0.98780, 1.10770
0.33558, 0.98928
0.34648, 0.96672
0.16021, 1.20960
0.28177, 1.07291
0.32417, 0.99442
0.38641, 0.99653
0.56605, 1.11971
0.37246, 0.98121
0.33597, 0.95214
0.29872, 1.05172
0.31354, 1.02244
0.34193, 0.97217
0.60011, 1.05927
0.17155, 1.19681
0.53029, 1.08011
0.80416, 1.10818
0.33565, 0.95419
0.59052, 1.09716
0.63161, 1.15682
0.33192, 0.94949
0.33054, 0.96937
0.73867, 1.06767
0.36012, 0.97583
0.77182, 1.14228
0.33707, 0.95317
0.63861, 1.07352
0.34653, 0.98094
0.30303, 1.04909
0.08682, 1.27727
0.24585, 1.12464
0.29929, 1.06745
0.09928, 1.28238
0.16917, 1.20201
0.33723, 0.96487
0.33921, 0.96810
0.34172, 0.97083
0.56698, 1.12369
0.32561, 0.99644
0.32349, 1.01045
0.65945, 1.05396
0.31761, 1.00975
0.36750, 0.98636
0.09348, 1.28272
0.33097, 0.94436
0.10232, 1.28137
0.53388, 1.06459
0.35274, 0.98680
0.36884, 1.00189
0.35812, 0.99031
0.34831, 0.99817
0.20138, 1.17351
0.11574, 1.25984
0.45790, 1.15714
0.68202, 1.13317
0.80348, 1.07282
0.31527, 1.02589
0.28328, 1.08515
0.60273, 1.15821
0.34660, 0.99117
0.61892, 1.07547
0.53494, 1.15030
0.33813, 1.00545
0.24779, 1.11870
0.93702, 1.12055
0.71985, 1.11556
0.81609, 1.08365
0.77034, 1.11940
0.36120, 0.97957
0.23078, 1.15172
0.05997, 1.32167
0.35682, 0.99008
0.32926, 1.01212
0.33322, 0.98200
0.34249, 0.95997
0.33153, 0.94605
0.33096, 0.94423
0.65652, 1.10531
0.35433, 0.98189
0.31537, 1.03830
0.30915, 1.03935
0.36593, 0.99747
0.64417, 1.04477
0.34412, 0.96477
0.16843, 1.20728
0.68623, 1.05071
0.26411, 1.12273
0.34449, 0.96496
0.32988, 0.97243
0.52406, 1.07208
0.02081, 1.35263
0.48933, 1.09252
0.61587, 1.04205
0.35423, 0.97881
0.51532, 1.09951
0.35681, 0.97207
0.61919, 1.09736
0.32808, 1.02788
0.35914, 1.01565
0.33275, 0.94744
0.63427, 1.04848
0.57361, 1.11645
0.53436, 1.11782
0.38259, 0.98921
0.28572, 1.07930
0.59070, 1.04057
0.31028, 1.03278
0.33442, 0.95914
0.56120, 1.04759
0.15980, 1.21321
0.59049, 1.11354
0.33115, 0.94488
0.57732, 1.03937
0.27994, 1.08717
0.24412, 1.12912
0.34721, 1.00220
0.82952, 1.13423
0.58907, 1.04033
0.33263, 0.95371
0.33184, 0.94807
0.33928, 0.96018
0.33223, 0.95391
0.33189, 0.97587
0.31874, 1.00582
0.33883, 0.96329
0.33314, 0.94925
0.33215, 0.95070
0.04644, 1.32973
0.51646, 1.15320
0.33447, 1.04009
0.63277, 1.05339
0.29090, 1.06561
0.18259, 1.18664
0.63060, 1.05385
0.33764, 1.01529
0.38393, 0.99245
0.95783, 1.11133
0.31738, 1.00987
0.55629, 1.09090
0.70873, 1.12976
0.26175, 1.11060
0.35822, 0.97246
0.28359, 1.08010
0.38103, 0.98634
0.53955, 1.06370
0.77739, 1.12189
0.28839, 1.07639
0.33364, 0.96691
0.34269, 0.97430
0.69884, 1.05979
0.44543, 1.15319
0.24714, 1.12071
0.30709, 1.04199
0.38391, 0.98850
0.30882, 1.07363
0.46089, 1.13648
0.25938, 1.10438
0.33101, 1.03719
0.90089, 1.09512
0.65518, 1.13882
0.32152, 1.04434
0.35145, 0.97379
0.15800, 1.20904
0.55806, 1.05775
0.70551, 1.08418
0.34302, 0.99120
0.58947, 1.04052
0.33069, 1.01641
0.06780, 1.31167
0.38637, 0.98949
0.76324, 1.07829
0.64964, 1.07255
0.33841, 0.95488
0.54154, 1.07236
0.11199, 1.25581
0.78890, 1.12204
0.46540, 1.16369
0.69936, 1.13838
0.33162, 0.94593
0.55279, 1.07387
0.33477, 0.98171
0.33219, 1.00374
0.33788, 1.00206
0.35209, 1.00677
0.35067, 0.97432
0.34862, 0.99901
0.51811, 1.07923

 Final Population: 
0.33075, 0.94372
0.33075, 0.94372
0.33075, 0.94372
0.33075, 0.94372
0.33075, 0.94372
0.33075, 0.94372
0.33075, 0.94372
0.33075, 0.94372
0.33075, 0.94372
0.33075, 0.94372
0.33075, 0.94372
0.33075, 0.94372
0.33075, 0.94372
0.33075, 0.94372
0.33075, 0.94372
0.33075, 0.94372
0.33075, 0.94372
0.33075, 0.94372
0.33075, 0.94372
0.33075, 0.94372
0.33075, 0.94372
0.33075, 0.94372
0.33075, 0.94372
0.33075, 0.94372
0.33075, 0.94372
0.33075, 0.94372
0.33075, 0.94372
0.33075, 0.94372
0.33075, 0.94372
0.33075, 0.94372
0.33075, 0.94372
0.33075, 0.94372
0.33075, 0.94372
0.33075, 0.94372
0.33075, 0.94372
0.33075, 0.94372
0.33075, 0.94372
0.33075, 0.94372
0.33075, 0.94372
0.33075, 0.94372
0.33075, 0.94372
0.33075, 0.94372
0.33075, 0.94372
0.33075, 0.94372
0.33075, 0.94372
0.33075, 0.94372
0.33075, 0.94372
0.33075, 0.94372
0.33075, 0.94372
0.33075, 0.94372
0.33075, 0.94372
0.33075, 0.94372
0.33075, 0.94372
0.33075, 0.94372
0.33075, 0.94372
0.33075, 0.94372
0.33075, 0.94372
0.33075, 0.94372
0.33075, 0.94372
0.33075, 0.94372
0.33075, 0.94372
0.33075, 0.94372
0.33075, 0.94372
0.33075, 0.94372
0.33075, 0.94372
0.33075, 0.94372
0.33075, 0.94372
0.33075, 0.94372
0.33075, 0.94372
0.33075, 0.94372
0.33075, 0.94372
0.33075, 0.94372
0.33075, 0.94372
0.33075, 0.94372
0.33075, 0.94372
0.33075, 0.94372
0.33075, 0.94372
0.33075, 0.94372
0.33075, 0.94372
0.33075, 0.94372
0.33075, 0.94372
0.33075, 0.94372
0.33075, 0.94372
0.33075, 0.94372
0.33075, 0.94372
0.33075, 0.94372
0.33075, 0.94372
0.33075, 0.94372
0.33075, 0.94372
0.33075, 0.94372
0.33075, 0.94372
0.33075, 0.94372
0.33075, 0.94372
0.33075, 0.94372
0.33075, 0.94372
0.33075, 0.94372
0.33075, 0.94372
0.33075, 0.94372
0.33075, 0.94372
0.33075, 0.94372
0.33075, 0.94372
0.33075, 0.94372
0.33075, 0.94372
0.33075, 0.94372
0.33075, 0.94372
0.33075, 0.94372
0.33075, 0.94372
0.33075, 0.94372
0.33075, 0.94372
0.33075, 0.94372
0.33075, 0.94372
0.33075, 0.94372
0.33075, 0.94372
0.33075, 0.94372
0.33075, 0.94372
0.33075, 0.94372
0.33075, 0.94372
0.33075, 0.94372
0.33075, 0.94372
0.33075, 0.94372
0.33075, 0.94372
0.33075, 0.94372
0.33075, 0.94372
0.33075, 0.94372
0.33075, 0.94372
0.33075, 0.94372
0.33075, 0.94372
0.33075, 0.94372
0.33075, 0.94372
0.33075, 0.94372
0.33075, 0.94372
0.33075, 0.94372
0.33075, 0.94372
0.33075, 0.94372
0.33075, 0.94372
0.33075, 0.94372
0.33075, 0.94372
0.33075, 0.94372
0.33075, 0.94372
0.33075, 0.94372
0.33075, 0.94372
0.33075, 0.94372
0.33075, 0.94372
0.33075, 0.94372
0.33075, 0.94372
0.33075, 0.94372
0.33075, 0.94372
0.33075, 0.94372
0.33075, 0.94372
0.33075, 0.94372
0.33075, 0.94372
0.33075, 0.94372
0.33075, 0.94372
0.33075, 0.94372
0.33075, 0.94372
0.33075, 0.94372
0.33075, 0.94372
0.33075, 0.94372
0.33075, 0.94372
0.33075, 0.94372
0.33075, 0.94372
0.33075, 0.94372
0.33075, 0.94372
0.33075, 0.94372
0.33075, 0.94372
0.98398, 1.10707
0.98398, 1.10707
0.98398, 1.10707
0.98398, 1.10707
0.98398, 1.10707
0.98398, 1.10707
0.98398, 1.10707
0.98398, 1.10707
0.98398, 1.10707
0.98398, 1.10707
0.98398, 1.10707
0.98398, 1.10707
0.98398, 1.10707
0.98398, 1.10707
0.98398, 1.10707
0.98398, 1.10707
0.98398, 1.10707
0.98398, 1.10707
0.98398, 1.10707
0.98398, 1.10707
0.98398, 1.10707
0.98398, 1.10707
0.98398, 1.10707
0.98398, 1.10707
0.98398, 1.10707
0.98398, 1.10707
0.98398, 1.10707
0.98398, 1.10707
0.98398, 1.10707
0.98398, 1.10707
0.98398, 1.10707
0.98398, 1.10707
0.98398, 1.10707
0.98398, 1.10707
0.98398, 1.10707
0.98398, 1.10707
0.98398, 1.10707
0.98398, 1.10707
0.98398, 1.10707
0.98398, 1.10707
0.98398, 1.10707
0.98398, 1.10707
0.98398, 1.10707
0.98398, 1.10707
0.98398, 1.10707
0.98398, 1.10707
0.98398, 1.10707
0.98398, 1.10707
0.98398, 1.10707
0.98398, 1.10707
0.98398, 1.10707
0.98398, 1.10707
0.98398, 1.10707
0.98398, 1.10707
0.98398, 1.10707
0.98398, 1.10707
0.98398, 1.10707
0.98398, 1.10707
0.98398, 1.10707
0.98398, 1.10707
0.98398, 1.10707
0.98398, 1.10707
0.98398, 1.10707
0.98398, 1.10707
0.98398, 1.10707
0.98398, 1.10707
0.98398, 1.10707
0.98398, 1.10707
0.98398, 1.10707
0.98398, 1.10707
0.98398, 1.10707
0.98398, 1.10707
0.98398, 1.10707
0.98398, 1.10707
0.98398, 1.10707
0.98398, 1.10707
0.98398, 1.10707
0.98398, 1.10707
0.98398, 1.10707
0.98474, 1.10720
0.98474, 1.10720
0.98780, 1.10770
0.98398, 1.10707
0.33075, 0.94372
0.33075, 0.94372
0.33075, 0.94372
0.33075, 0.94372
0.66305, 1.04327
0.66305, 1.04327
0.33075, 0.94372
0.27665, 1.08020
0.33075, 0.94372
0.33075, 0.94372
0.67152, 1.04529
0.66305, 1.04327
0.33075, 0.94372
0.66305, 1.04327
0.33075, 0.94372
0.98398, 1.10707
0.33075, 0.94372
0.33075, 0.94372
0.33075, 0.94372
0.33075, 0.94372
0.20827, 1.31463
0.66305, 1.04327
0.33075, 0.94372
0.33075, 0.94372
0.33075, 0.94372
0.33075, 0.94372
0.41175, 1.17495
0.66972, 1.04486
0.33075, 0.94372
0.33075, 0.94372
0.33075, 0.94372
0.33075, 0.94372
0.41175, 1.17495
0.41105, 1.17297
0.33075, 0.94372
0.33075, 0.94372
0.41175, 1.17495
0.34024, 0.97081
0.40167, 1.14618
0.33075, 0.94372
0.66305, 1.04327
0.33075, 0.94372
0.33075, 0.94372
0.29526, 1.05169
0.33075, 0.94372
0.33075, 0.94372
0.33075, 0.94372
0.33075, 0.94372
0.33075, 0.94372
0.33075, 0.94372
0.33075, 0.94372
0.41175, 1.17495
0.20336, 1.31823
0.33075, 0.94372
0.33075, 0.94372
0.33075, 0.94372
0.33075, 0.94372
0.66305, 1.04327
0.33075, 0.94372
0.33075, 0.94372
0.33075, 0.94372
0.41175, 1.17495
0.41175, 1.17495
0.45219, 1.16486
0.33075, 0.94372
0.41175, 1.17495
0.66305, 1.04327
0.33075, 0.94372
0.33075, 0.94372
0.33075, 0.94372
0.41175, 1.17495
0.33075, 0.94372
0.33075, 0.94372
0.33075, 0.94372
0.33075, 0.94372
0.33075, 0.94372
0.33075, 0.94372
0.33075, 0.94372
0.33075, 0.94372
0.33075, 0.94372
0.33075, 0.94372
0.51266, 1.02963
0.33075, 0.94372
0.33075, 0.94372
0.33075, 0.94372
0.66305, 1.04327
0.33075, 0.94372
0.33075, 0.94372
0.33075, 0.94372
0.41175, 1.17495
0.33075, 0.94372
0.41175, 1.17495
0.92506, 1.09703
0.41175, 1.17495
0.33075, 0.94372
0.33075, 0.94372
0.33075, 0.94372
0.33075, 0.94372
0.33075, 0.94372
0.41175, 1.17495
0.33075, 0.94372
0.33075, 0.94372
0.98398, 1.10707
-0.03707, 1.46099
0.33075, 0.94372
0.33075, 0.94372
0.33075, 0.94372
0.33075, 0.94372
0.41175, 1.17495
0.33412, 0.94943
0.33361, 0.95188
0.33075, 0.94372
0.41175, 1.17495
0.66305, 1.04327
0.33075, 0.94372
0.33075, 0.94372
0.33075, 0.94372
0.34393, 0.99705
0.33765, 0.96342
0.71968, 1.05634
0.41175, 1.17495
0.26543, 1.27112
0.33075, 0.94372
0.33075, 0.94372
0.41175, 1.17495
0.33075, 0.94372
0.33075, 0.94372
0.33075, 0.94372
0.34115, 0.97342
0.66305, 1.04327
0.36248, 1.19907
0.33075, 0.94372
0.33075, 0.94372
0.33075, 0.94372
0.33075, 0.94372
0.33075, 0.94372
0.66305, 1.04327
0.33075, 0.94372
0.33075, 0.94372
0.52748, 1.15939
0.33075, 0.94372
0.66305, 1.04327
0.33075, 0.94372
0.33075, 0.94372
0.33075, 0.94372
0.33075, 0.94372
0.66305, 1.04327
0.33075, 0.94372
0.33075, 0.94372
0.33075, 0.94372
0.41175, 1.17495
0.33075, 0.94372
0.33075, 0.94372
0.36278, 0.97492
0.33075, 0.94372
0.33075, 0.94372
0.33075, 0.94372
0.33075, 0.94372
0.33075, 0.94372
0.33075, 0.94372
0.33075, 0.94372
0.66497, 1.04373
0.33075, 0.94372
0.33075, 0.94372
0.33075, 0.94372
0.41175, 1.17495
0.33075, 0.94372
0.33075, 0.94372
0.33075, 0.94372
0.33075, 0.94372
0.66305, 1.04327
0.41175, 1.17495
0.33075, 0.94372
0.33075, 0.94372
0.33075, 0.94372
0.33075, 0.94372
0.33075, 0.94372
0.33075, 0.94372
0.66305, 1.04327
0.33075, 0.94372
0.33075, 0.94372
0.33075, 0.94372
0.33075, 0.94372
0.33075, 0.94372
0.33075, 0.94372
0.33075, 0.94372
0.66305, 1.04327
0.98398, 1.10707
0.33075, 0.94372
0.33075, 0.94372
0.33075, 0.94372
0.33075, 0.94372
0.61320, 1.15832
0.58351, 1.15874
0.33075, 0.94372
0.88419, 1.08967
0.34619, 0.98781
0.66305, 1.04327
0.33075, 0.94372
0.38471, 1.09777
0.33075, 0.94372
0.37121, 1.19384
0.33075, 0.94372
0.33317, 0.95065
0.33075, 0.94372
0.33075, 0.94372
0.33075, 0.94372
0.33075, 0.94372
0.67917, 1.04708
0.33075, 0.94372
0.41175, 1.17495
0.33075, 0.94372
0.66116, 1.15689
0.33075, 0.94372
0.33075, 0.94372
0.26212, 1.09994
0.33075, 0.94372
0.33075, 0.94372
0.66305, 1.04327
0.33075, 0.94372
0.93312, 1.09844
0.33075, 0.94372
0.33075, 0.94372
0.33075, 0.94372
0.30985, 1.02520
0.33075, 0.94372
0.33075, 0.94372
0.33075, 0.94372
0.72179, 1.05681
0.66305, 1.04327
0.33075, 0.94372
0.66305, 1.04327
0.52050, 1.06441
0.33075, 0.94372
0.33075, 0.94372
0.33075, 0.94372
0.33075, 0.94372
0.33075, 0.94372
0.33075, 0.94372
0.33075, 0.94372
0.33075, 0.94372
0.33093, 0.94417
0.33075, 0.94372
0.33075, 0.94372
0.33075, 0.94372
0.33075, 0.94372
0.33075, 0.94372
0.33075, 0.94372
0.33075, 0.94372
0.33075, 0.94372
0.33075, 0.94372
0.41175, 1.17495
divergence_from_baseline:0.00334231350105
