
Model: DTLZ_1
Args:
	number of decisions: 30
	number of objectives: 2
Settings: 
{	:better <function lt at 0x108ffa140>
 	:candidates 500
 	:era 100
 	:gens 500
 	:lives 3
 	:mutate_prob 0.25
 	:patience 3
 	:retain 0.33
}
 Baseline Population: 
117.81683, 1245.91451
104.17967, 1703.77600
523.03540, 1008.55131
827.06663, 710.79215
921.56958, 540.53050
1397.30662, 401.92123
551.39660, 766.63070
1621.27252, 158.47297
268.44273, 1113.73724
680.89014, 1069.88219
864.83842, 651.12280
511.40917, 952.98870
740.78413, 788.99188
21.72099, 1324.45089
1413.19910, 564.85763
377.41474, 1640.70348
1305.06370, 38.21655
1007.03092, 377.81834
1107.09270, 225.74189
1534.13870, 211.70349
418.14867, 1085.29898
1591.55719, 185.88553
112.49505, 1770.66835
139.66572, 1263.14541
1430.84967, 318.48848
1580.19049, 464.52866
1760.35107, 47.14723
1140.01192, 250.97816
296.81737, 1065.25280
798.31325, 542.25728
221.17799, 1706.03600
1576.02924, 229.88234
893.66340, 653.54371
1025.18974, 799.63089
427.46894, 1455.39061
814.75012, 670.87466
1413.70478, 454.87510
863.72124, 594.86015
829.20920, 660.34084
395.80541, 1023.97871
586.26850, 1191.22507
309.22815, 1187.53218
698.94269, 1163.74370
1283.96122, 481.77748
671.21280, 741.08025
224.79442, 1634.90440
1626.48839, 249.85856
572.67653, 923.37704
1616.47785, 219.54312
1480.52731, 391.65907
969.29164, 520.16245
1125.42877, 361.30968
1016.11006, 403.80680
688.51763, 708.11169
195.00735, 1666.70426
510.53585, 824.28962
961.78711, 515.47062
441.34655, 926.67185
728.85305, 810.27198
392.30175, 1017.35801
170.93696, 1340.57194
1261.01654, 260.66234
336.17515, 982.47373
320.48591, 1736.47179
343.95212, 1607.36932
804.04560, 556.54516
701.79178, 838.97506
199.77447, 1129.22074
1043.22784, 377.59902
805.74416, 946.50987
1269.30392, 486.75633
1236.40294, 107.88515
1529.43637, 241.24038
1689.43068, 95.69581
711.97680, 504.06217
972.06798, 745.73826
820.90841, 1054.01503
812.14783, 662.63471
1725.77801, 69.39838
843.44182, 1057.31887
997.64673, 463.20395
1378.61148, 379.65561
922.50154, 612.83191
1536.91162, 333.98379
706.54590, 1006.22722
1017.84936, 718.18768
1779.11237, 360.51652
812.27904, 336.52780
629.75172, 799.69423
822.73096, 940.52249
1016.40208, 1099.53399
1384.10617, 420.08186
463.32975, 1413.14570
837.11028, 1043.91308
1023.34113, 704.69809
22.47442, 1455.67017
1149.68387, 383.99703
732.85116, 727.93033
764.93588, 498.40325
1383.05521, 96.26983
1356.55981, 651.86134
1602.07325, 219.30459
1606.94899, 230.77315
615.18213, 931.49674
1750.76032, 104.35951
687.95810, 1143.24339
144.64634, 1601.49925
503.62904, 1488.93191
674.29172, 1190.85304
14.06991, 1392.41470
1212.01830, 562.83926
606.79450, 1121.54798
229.43285, 1109.10626
913.27424, 423.41727
1073.75248, 864.03465
421.64983, 933.33603
542.95209, 845.62176
588.57937, 865.40021
832.68032, 647.12605
1117.54757, 203.68478
973.50660, 398.88625
750.70195, 598.07264
1558.47875, 182.09676
630.79477, 695.75814
105.02957, 1824.36994
985.30560, 546.41855
423.06500, 1501.16035
597.05949, 1258.75175
613.14939, 906.96656
548.80286, 1316.35374
1345.83688, 156.58257
438.15732, 908.96201
927.06996, 179.51510
565.95312, 931.20417
999.00074, 767.07681
1061.99899, 940.36148
81.02979, 1739.71518
1465.98483, 238.33818
461.59978, 1254.26196
1612.42600, 535.62398
282.27845, 1499.89978
495.70707, 1045.04951
488.59313, 1334.38129
1383.77460, 94.36956
1080.69037, 730.81266
1177.27854, 533.72587
1117.19219, 412.37433
286.19898, 1171.88019
997.12229, 810.67027
304.01051, 1074.57893
97.09111, 1037.29020
1174.07686, 700.97243
546.64158, 852.53646
732.92078, 783.40267
443.60472, 1289.57590
609.86831, 822.90050
1283.55333, 110.62370
1086.39817, 310.00106
0.62941, 1889.85047
1187.02699, 140.51021
1057.07690, 443.84522
462.02574, 1018.20253
694.26884, 1086.14875
139.38219, 1302.43675
575.30133, 1207.35657
338.67392, 1514.16681
360.55256, 1180.14625
1886.84009, 133.85129
43.54517, 1762.50344
1756.21903, 87.93527
1113.98845, 331.89056
783.92696, 602.05642
777.62090, 1119.03233
491.63581, 1611.92008
1027.58837, 807.84752
140.30562, 1247.23472
141.85967, 1698.11299
1207.45876, 262.81667
942.87574, 596.63764
639.38281, 1119.90696
427.96405, 1561.75314
1259.20723, 207.41889
1773.15343, 214.69378
588.91365, 1240.22966
446.15496, 1281.03116
859.30448, 964.73886
442.82691, 1405.90106
1200.06213, 932.93671
913.42503, 618.85738
272.14855, 1025.23180
694.14786, 1125.77748
794.03674, 935.22340
1693.61079, 153.84951
909.60784, 809.60713
229.05415, 1259.09391
400.44642, 994.12485
10.42346, 1840.41804
1654.17236, 304.06421
1136.93519, 580.17635
1376.46670, 419.68539
1634.48064, 330.92185
546.97864, 829.30944
1210.10424, 759.61050
680.33007, 1139.03081
6.88097, 1853.06989
1375.13497, 63.52421
701.48636, 714.74683
245.36465, 1137.98396
878.42234, 395.08617
376.28409, 1129.48967
557.88298, 1195.46543
605.47375, 915.57761
285.27734, 1511.67205
164.43875, 979.57411
999.28867, 807.40859
1493.74667, 476.95456
1212.12799, 53.93035
326.89367, 1163.48773
93.39515, 1369.78741
1175.72799, 157.77145
305.03188, 1415.21355
474.53083, 1258.10437
1023.77407, 867.62563
1165.02345, 559.82766
930.74876, 521.37093
295.61054, 1540.70513
942.52221, 986.69410
997.54749, 506.07217
494.72560, 938.09127
481.27943, 766.43948
1311.93037, 464.17085
276.66030, 1633.01412
431.10575, 593.70481
755.01635, 1109.15907
818.02879, 678.14359
509.82463, 1268.38015
226.73315, 1596.99802
1800.00825, 104.74362
100.93006, 1917.52396
60.45832, 1438.20861
646.75617, 643.47476
499.65159, 1260.69211
888.29224, 135.42231
4.05224, 1465.97270
993.03246, 975.58523
69.06804, 1820.55639
316.87631, 1435.56832
300.44073, 1170.28217
742.44318, 745.87226
1061.07620, 287.69320
747.07712, 773.67854
1013.12126, 703.77411
1077.02705, 363.34188
998.32323, 483.10778
500.96129, 813.68417
133.86796, 1223.55521
1088.67843, 310.13378
1491.54556, 484.75401
1170.92387, 271.42580
1055.99483, 311.51207
343.38821, 1618.33279
724.80582, 791.20536
925.67621, 836.41019
451.47611, 1344.92983
1640.21972, 334.30794
522.22576, 1327.90243
1230.73564, 117.47499
626.13637, 876.32115
123.97416, 1645.95721
963.82595, 401.06015
654.65383, 691.41718
1261.62756, 12.67894
247.97156, 1623.53800
1838.23277, 109.65816
490.41203, 1232.30266
1208.87873, 521.43962
151.59871, 1315.48347
1511.34913, 555.64726
1352.49815, 467.71944
176.20706, 1560.20670
1572.49716, 572.90017
333.77722, 1020.16597
1074.46354, 471.94571
1072.52492, 660.38200
1248.72002, 461.60529
1228.34779, 306.56106
1231.74612, 623.22714
453.06152, 1424.23138
841.11183, 933.38790
685.70884, 703.40224
1185.60622, 337.53944
563.50234, 908.92251
488.65356, 997.80245
85.09416, 1400.09816
777.92467, 1000.05079
537.69185, 865.06674
1542.89245, 445.66594
890.21519, 874.76611
1251.47224, 500.31037
1091.62731, 336.89564
1151.13035, 386.66148
1717.93089, 238.50367
253.75820, 1715.99755
1575.66114, 265.98728
190.49522, 1300.01602
1325.59900, 7.10706
541.05138, 1187.33101
837.30219, 654.27105
978.04880, 163.02667
296.40753, 1497.06132
1436.73775, 308.16097
520.27158, 881.32960
233.77311, 1612.24575
189.98470, 1299.11984
688.53493, 673.10112
92.99250, 1683.47829
811.69930, 575.42539
760.46000, 570.64543
453.13298, 1322.73767
756.30960, 999.92804
1229.57551, 259.60950
393.77562, 1437.85085
1180.03805, 638.38264
1539.51524, 196.18013
1484.51880, 500.43257
1083.77918, 347.67187
363.65044, 1692.29557
484.61685, 1051.31922
814.57879, 1021.49134
1427.25344, 379.88222
192.18196, 1216.08220
712.80217, 827.35559
57.03713, 1368.74368
725.21335, 995.04860
1715.06558, 113.15097
530.41823, 1380.46594
1091.27898, 784.69914
182.43751, 1608.71011
899.80078, 586.30056
1191.83475, 336.66437
325.12715, 1190.49022
9.67969, 1055.99209
1261.10910, 741.23248
2.27523, 1484.47898
614.99688, 933.41838
639.28112, 1174.89069
1628.46554, 309.33158
1861.52190, 86.80309
339.36673, 1842.77366
774.43165, 1229.84030
135.86540, 1012.09423
1337.83431, 713.43445
1082.51072, 635.93363
1520.28795, 300.12702
183.55750, 1705.06483
356.81142, 1104.23811
94.10520, 1136.35344
718.78307, 729.93313
342.37926, 1470.45411
656.37145, 1105.41872
1274.98449, 190.47693
1000.24848, 503.08530
884.94493, 418.49896
1172.49969, 331.91928
651.39362, 1097.74875
1435.82005, 20.78334
1317.84961, 509.29583
991.29802, 473.19243
652.98250, 1391.07498
1439.41029, 552.62041
666.14704, 728.00457
786.05068, 953.54105
1432.00389, 529.59094
827.80630, 997.29075
308.26684, 1104.03351
1465.61250, 242.46436
1226.82268, 616.58559
524.52759, 1005.97693
1256.76406, 98.27380
331.22415, 918.33260
156.45068, 1201.86917
934.45985, 545.57705
631.77734, 1096.38409
108.75974, 1908.09965
9.19555, 1239.64805
416.63002, 1417.19927
725.39427, 796.93466
781.22700, 1234.01895
1676.96794, 104.17288
1414.74789, 360.17614
876.45489, 471.84740
1130.50877, 631.90483
1127.64137, 106.47263
1056.15961, 261.02164
1242.93374, 622.57571
1338.95889, 452.39735
963.72988, 503.72344
371.74717, 1365.29168
1361.47116, 414.14785
324.94919, 1484.88896
1236.15401, 227.44134
731.67188, 750.20770
1427.37630, 353.75621
264.51437, 993.52812
702.17628, 1185.11687
876.58388, 888.31726
823.81577, 909.80901
714.25044, 1011.33855
161.79691, 1007.06053
670.87660, 869.00690
1142.31706, 775.01373
925.70835, 583.55158
954.80257, 916.95167
1017.56151, 410.81888
681.58690, 1226.60856
1723.52897, 183.49639
900.59147, 1103.91281
117.69954, 1936.00758
1561.92862, 291.23098
536.36973, 948.57657
42.25203, 1174.53834
381.43013, 937.30628
298.95789, 1079.17160
296.70093, 1539.78839
129.80157, 1075.76532
324.19656, 1691.58242
578.00344, 791.65250
410.20053, 1055.97613
1685.84380, 83.54990
136.29402, 1205.40124
909.40395, 592.36319
721.87876, 814.71148
1000.86849, 424.11385
1438.99483, 452.72157
1229.36799, 493.16472
805.45916, 655.79742
1034.46568, 771.97536
804.83242, 954.60512
289.23463, 1007.02774
881.29473, 534.44704
1814.21784, 81.93630
616.26823, 1212.20486
1130.55654, 843.43713
792.02190, 665.52532
478.18064, 1243.33898
949.59428, 564.06152
1039.64209, 19.97175
946.52774, 512.84866
231.83341, 1246.97612
632.38328, 1104.90738
1409.75852, 53.43272
1718.42720, 177.04351
983.60270, 746.60684
645.62563, 863.02006
755.54734, 1016.66328
981.43827, 381.86039
891.88324, 611.97966
1560.92167, 299.07054
1125.43198, 314.86545
1132.79824, 712.24027
913.62362, 1177.24079
1453.97310, 246.50580
592.44614, 1117.17502
649.79814, 1083.47114
244.24358, 1517.51262
768.62419, 538.86215
1612.30615, 259.05815
1421.31234, 368.98015
211.08999, 1226.22345
420.65534, 894.38401
573.11398, 944.21515
1107.40076, 606.03032
1832.76845, 26.81324
552.72866, 603.02564
57.37937, 1780.05099
484.30648, 845.36139
568.75846, 874.28030
682.56262, 474.11167
655.08225, 763.29781
1731.64624, 272.75020
931.72139, 1068.68643
1685.10760, 246.74342
1593.66417, 462.93600
1140.61994, 234.71986
219.31366, 1566.04802
426.97158, 1365.03460
265.14529, 1541.49777
895.21702, 654.90388
147.31555, 1682.87362
1351.07238, 10.16138
234.38567, 1510.36965
98.71285, 1719.70080
90.60897, 1892.87203
427.98374, 1030.80821
739.19484, 799.33789
1362.87948, 7.11264
263.40332, 1195.62294
851.32266, 958.05648
672.59786, 865.08356
177.24328, 946.66679

 Final Population: 
78.47402, 82.01845
78.47402, 82.01845
78.47402, 82.01845
78.47402, 82.01845
78.47402, 82.01845
78.47402, 82.01845
78.47402, 82.01845
78.47402, 82.01845
78.47402, 82.01845
78.47402, 82.01845
78.47402, 82.01845
78.47402, 82.01845
78.47402, 82.01845
78.47402, 82.01845
78.47402, 82.01845
78.47402, 82.01845
78.47402, 82.01845
78.47402, 82.01845
78.47402, 82.01845
78.47402, 82.01845
78.47402, 82.01845
78.47402, 82.01845
78.47402, 82.01845
78.47402, 82.01845
78.47402, 82.01845
78.47402, 82.01845
78.47402, 82.01845
78.47402, 82.01845
78.47402, 82.01845
78.47402, 82.01845
78.47402, 82.01845
78.47402, 82.01845
78.47402, 82.01845
78.47402, 82.01845
78.47402, 82.01845
78.47402, 82.01845
78.47402, 82.01845
78.47402, 82.01845
78.47402, 82.01845
78.47402, 82.01845
78.47402, 82.01845
78.47402, 82.01845
78.47402, 82.01845
78.47402, 82.01845
78.47402, 82.01845
78.47402, 82.01845
78.47402, 82.01845
78.47402, 82.01845
78.47402, 82.01845
78.47402, 82.01845
78.47402, 82.01845
78.47402, 82.01845
78.47402, 82.01845
78.47402, 82.01845
78.47402, 82.01845
78.47402, 82.01845
78.47402, 82.01845
78.47402, 82.01845
78.47402, 82.01845
78.47402, 82.01845
78.47402, 82.01845
78.47402, 82.01845
78.47402, 82.01845
78.47402, 82.01845
78.47402, 82.01845
78.47402, 82.01845
78.47402, 82.01845
78.47402, 82.01845
78.47402, 82.01845
78.47402, 82.01845
78.47402, 82.01845
78.47402, 82.01845
78.47402, 82.01845
78.47402, 82.01845
78.47402, 82.01845
78.47402, 82.01845
78.47402, 82.01845
78.47402, 82.01845
78.47402, 82.01845
78.47402, 82.01845
78.47402, 82.01845
78.47402, 82.01845
78.47402, 82.01845
78.47402, 82.01845
78.47402, 82.01845
78.47402, 82.01845
78.47402, 82.01845
78.47402, 82.01845
78.47402, 82.01845
78.47402, 82.01845
78.47402, 82.01845
78.47402, 82.01845
78.47402, 82.01845
78.47402, 82.01845
78.47402, 82.01845
78.47402, 82.01845
78.47402, 82.01845
78.47402, 82.01845
78.47402, 82.01845
78.47402, 82.01845
78.47402, 82.01845
78.47402, 82.01845
78.47402, 82.01845
78.47402, 82.01845
78.47402, 82.01845
78.47402, 82.01845
78.47402, 82.01845
78.47402, 82.01845
78.47402, 82.01845
78.47402, 82.01845
78.47402, 82.01845
78.47402, 82.01845
78.47402, 82.01845
78.47402, 82.01845
78.47402, 82.01845
78.47402, 82.01845
78.47402, 82.01845
78.47402, 82.01845
78.47402, 82.01845
78.47402, 82.01845
78.47402, 82.01845
78.47402, 82.01845
78.47402, 82.01845
78.47402, 82.01845
78.47402, 82.01845
78.47402, 82.01845
78.47402, 82.01845
78.47402, 82.01845
78.47402, 82.01845
78.47402, 82.01845
78.47402, 82.01845
78.47402, 82.01845
78.47402, 82.01845
78.47402, 82.01845
78.47402, 82.01845
78.47402, 82.01845
78.47402, 82.01845
78.47402, 82.01845
78.47402, 82.01845
78.47402, 82.01845
78.47402, 82.01845
78.47402, 82.01845
78.47402, 82.01845
78.47402, 82.01845
78.47402, 82.01845
78.47402, 82.01845
78.47402, 82.01845
78.47402, 82.01845
78.47402, 82.01845
78.47402, 82.01845
78.47402, 82.01845
78.47402, 82.01845
78.47402, 82.01845
78.47402, 82.01845
78.47402, 82.01845
78.47402, 82.01845
78.47402, 82.01845
78.47402, 82.01845
78.47402, 82.01845
78.47402, 82.01845
78.47402, 82.01845
78.47402, 82.01845
78.47402, 82.01845
78.47402, 82.01845
78.47402, 82.01845
1487.45883, 793.22556
1487.45883, 793.22556
1487.45883, 793.22556
1487.45883, 793.22556
1487.45883, 793.22556
1487.45883, 793.22556
1487.45883, 793.22556
1487.45883, 793.22556
1487.45883, 793.22556
1487.45883, 793.22556
1487.45883, 793.22556
1487.45883, 793.22556
1487.45883, 793.22556
1487.45883, 793.22556
1487.45883, 793.22556
1487.45883, 793.22556
1487.45883, 793.22556
1487.45883, 793.22556
1487.45883, 793.22556
1487.45883, 793.22556
1487.45883, 793.22556
1487.45883, 793.22556
1487.45883, 793.22556
1487.45883, 793.22556
1487.45883, 793.22556
1487.45883, 793.22556
1487.45883, 793.22556
1487.45883, 793.22556
1487.45883, 793.22556
1487.45883, 793.22556
1487.45883, 793.22556
1487.45883, 793.22556
1487.45883, 793.22556
1487.45883, 793.22556
1487.45883, 793.22556
1487.45883, 793.22556
1487.45883, 793.22556
1487.45883, 793.22556
1487.45883, 793.22556
1487.45883, 793.22556
1487.45883, 793.22556
1487.45883, 793.22556
1487.45883, 793.22556
1487.45883, 793.22556
1487.45883, 793.22556
1487.45883, 793.22556
1487.45883, 793.22556
1487.45883, 793.22556
1487.45883, 793.22556
1487.45883, 793.22556
1487.45883, 793.22556
1487.45883, 793.22556
1487.45883, 793.22556
1487.45883, 793.22556
1487.45883, 793.22556
1487.45883, 793.22556
1487.45883, 793.22556
1487.45883, 793.22556
1487.45883, 793.22556
1487.45883, 793.22556
1487.45883, 793.22556
1487.45883, 793.22556
1487.45883, 793.22556
1487.45883, 793.22556
1487.45883, 793.22556
1487.45883, 793.22556
1487.45883, 793.22556
1487.45883, 793.22556
1487.45883, 793.22556
1487.45883, 793.22556
1487.45883, 793.22556
1487.45883, 793.22556
1487.45883, 793.22556
1487.45883, 793.22556
1487.45883, 793.22556
1487.45883, 793.22556
1487.45883, 793.22556
1487.46154, 793.22700
1487.52579, 793.26127
1487.84710, 793.43261
1489.07838, 794.08923
1489.85342, 794.50254
519.92642, 277.26409
815.54538, 434.91049
803.83969, 840.14667
554.62810, 579.67895
803.83969, 840.14667
1459.97144, 203.78078
991.01930, 528.48645
952.28085, 995.29246
162.79462, 86.81441
1359.57557, 644.65946
479.93883, 501.61620
554.62810, 579.67895
340.10026, 181.36718
758.26003, 792.50831
519.92642, 277.26409
268.93362, 143.41575
758.26003, 792.50831
247.05131, 131.74645
177.96365, 186.00172
1064.03093, 567.42178
969.32378, 1013.10518
892.22058, 932.51946
675.55683, 706.06967
359.95159, 191.95341
738.51952, 393.83447
901.54751, 1134.76664
554.62810, 579.67895
969.32378, 1013.10518
395.92081, 413.80335
885.67995, 472.31154
264.14652, 276.07721
270.63487, 282.85862
892.22058, 932.51946
562.88454, 588.30831
630.30588, 658.77487
518.75400, 211.57288
377.32166, 329.96311
1053.63709, 1101.22666
665.88327, 695.95918
1030.45971, 549.51906
1071.58383, 1119.98400
275.40967, 287.84909
758.21185, 792.45796
78.47402, 82.01845
629.77265, 335.84242
1409.11430, 751.44633
638.18229, 6.52524
166.43470, 88.75557
845.98661, 884.19724
1239.79870, 661.15445
479.93883, 501.61620
694.58221, 725.95437
812.39186, 433.22879
1008.41602, 1053.96309
1412.54176, 753.27411
455.00678, 242.64403
479.93883, 501.61620
312.89576, 327.02830
721.48721, 754.07459
815.54538, 434.91049
352.89788, 368.83720
463.70855, 247.28447
529.63177, 553.55362
629.77265, 335.84242
1228.20198, 718.17582
852.33847, 454.53135
496.77041, 264.91556
529.63177, 553.55362
573.70687, 215.91346
1138.19272, 606.97045
1269.30798, 676.89103
1053.63709, 1101.22666
1292.64470, 689.33593
340.10026, 181.36718
1021.74796, 544.87330
1064.03093, 567.42178
463.70855, 247.28447
166.43470, 88.75557
629.77265, 335.84242
1427.04280, 761.00717
1302.39380, 694.53489
519.92642, 277.26409
535.89612, 560.10091
340.10026, 181.36718
519.92642, 277.26409
427.62065, 446.93496
740.76503, 774.22313
582.21213, 608.50887
164.36290, 416.81833
674.51429, 704.98004
479.93883, 501.61620
321.92748, 171.67608
803.83969, 840.14667
629.77265, 335.84242
395.92081, 413.80335
1175.92692, 950.51598
675.55683, 706.06967
1053.63709, 1101.22666
845.98661, 884.19724
582.21213, 608.50887
1514.17090, 24.52168
639.62107, 668.51079
162.79462, 86.81441
1322.28877, 705.14439
384.99971, 55.90602
1053.63709, 1101.22666
234.79762, 245.40271
845.98661, 884.19724
479.93883, 501.61620
721.48721, 754.07459
299.19468, 159.55323
1174.77429, 626.47851
853.36412, 455.07830
902.17198, 942.92034
1354.75413, 722.45738
1380.15774, 736.00451
402.03915, 214.39769
340.10026, 181.36718
1915.83568, 15.44592
629.77265, 335.84242
529.63177, 553.55362
326.77224, 174.25968
321.92748, 171.67608
1053.63709, 1101.22666
314.69100, 328.90463
951.96311, 507.65874
301.69615, 160.88721
721.48721, 754.07459
951.96311, 507.65874
691.03711, 368.51326
1064.03093, 567.42178
479.93883, 501.61620
1354.75413, 722.45738
674.78481, 417.58963
234.79762, 245.40271
754.88938, 402.56412
1086.23136, 579.26072
1354.75413, 722.45738
1426.00487, 825.07185
264.14652, 276.07721
320.22035, 334.68372
751.39531, 400.70081
630.30588, 658.77487
916.77502, 958.18295
845.25081, 1072.90673
312.89576, 327.02830
1054.90064, 562.55282
1021.74796, 544.87330
1487.39458, 793.19130
529.63177, 553.55362
797.06737, 833.06847
395.92081, 413.80335
1239.79870, 661.15445
629.77265, 335.84242
520.69679, 277.67492
194.49186, 203.27646
162.79462, 86.81441
340.10026, 181.36718
194.49186, 203.27646
892.22058, 932.51946
1068.85484, 1117.13175
1222.96844, 652.17928
630.30588, 658.77487
1068.85484, 1117.13175
479.93883, 501.61620
845.98661, 884.19724
463.70855, 247.28447
1422.89210, 758.79370
721.48721, 754.07459
675.55683, 706.06967
751.39531, 400.70081
1064.03093, 567.42178
746.78666, 780.51673
321.92748, 171.67608
630.30588, 658.77487
529.63177, 553.55362
961.98958, 513.00561
1409.80389, 751.81407
1333.80405, 711.28521
249.80167, 261.08445
852.33847, 454.53135
272.00351, 284.28907
427.62065, 446.93496
427.62065, 446.93496
159.20946, 166.40047
1203.21256, 641.64395
427.62065, 446.93496
580.72306, 309.68546
1021.74796, 544.87330
299.19468, 159.55323
855.08311, 455.99499
855.08311, 455.99499
323.68055, 172.61095
166.43470, 88.75557
582.21213, 608.50887
675.55683, 706.06967
580.72306, 309.68546
184.69679, 1415.74814
402.03915, 214.39769
1021.74796, 544.87330
586.20042, 612.67730
446.75196, 466.93039
580.72306, 309.68546
1101.37119, 587.33443
173.27525, 422.52058
951.96311, 507.65874
938.65659, 981.05284
951.96311, 507.65874
1408.54126, 751.14075
630.30588, 658.77487
166.43470, 88.75557
1071.58383, 1119.98400
952.28085, 995.29246
1053.63709, 1101.22666
247.05131, 131.74645
580.72306, 309.68546
892.22058, 932.51946
855.08311, 455.99499
162.79462, 86.81441
908.21362, 949.23485
951.96311, 507.65874
554.62810, 579.67895
756.26627, 1320.29349
852.33847, 454.53135
177.96365, 186.00172
1064.03093, 567.42178
675.55683, 706.06967
679.32529, 362.26763
116.05360, 121.29539
629.77265, 335.84242
247.05131, 131.74645
580.72306, 309.68546
166.43470, 88.75557
194.49186, 203.27646
855.08311, 455.99499
582.21213, 608.50887
194.49186, 203.27646
321.92748, 171.67608
1437.40010, 766.53046
758.26003, 792.50831
159.20946, 166.40047
177.96365, 186.00172
177.96365, 186.00172
78.47402, 82.01845
186.73297, 99.58015
1121.41728, 598.02452
552.57042, 577.52834
352.89788, 368.83720
630.30588, 658.77487
234.79762, 245.40271
247.05131, 131.74645
1064.03093, 567.42178
234.79762, 245.40271
divergence_from_baseline:317.831749634
