
Model: DTLZ_3
Args:
	number of decisions: 30
	number of objectives: 2
Settings: 
{	:better <function lt at 0x108ffa140>
 	:candidates 500
 	:era 100
 	:gens 500
 	:lives 3
 	:mutate_prob 0.25
 	:patience 3
 	:retain 0.33
}
 Baseline Population: 
891.93051, 1964.76374
390.48803, 2636.26468
549.63476, 2357.63244
477.56703, 2261.13903
1195.27862, 2799.96635
362.06144, 2867.03223
1646.54681, 241.33048
85.79720, 2907.81220
545.17932, 2037.58880
903.04534, 2427.98933
10.11887, 3176.05163
1213.35011, 2886.35673
1010.15913, 2180.37094
1696.24462, 527.92070
1495.17612, 58.85751
398.68379, 3346.50186
181.35297, 2576.34641
873.17511, 1628.71760
426.76938, 2643.22594
167.62129, 3203.09162
929.77333, 1440.14847
679.72327, 2423.19986
1230.32848, 2458.21442
672.25312, 2766.67136
900.88538, 2016.58739
549.61294, 2169.91171
852.31037, 2297.29969
1534.27863, 108.55223
1388.46098, 48.72584
48.98869, 2797.79699
1133.69089, 2675.45373
1366.19380, 845.90356
684.83397, 1926.54066
304.45881, 2612.46124
38.88151, 3698.58107
644.60542, 2566.48677
1464.00209, 38.85823
1613.92498, 1077.96413
385.69265, 3545.33445
1610.23706, 906.72942
400.69437, 3248.29141
1557.35911, 987.35316
756.14763, 1774.99103
253.28614, 2812.11951
1002.07990, 2796.91104
240.79211, 2711.86169
1605.74921, 1374.24298
991.70481, 1635.50473
958.28972, 2025.82110
1563.56904, 309.79469
1389.79123, 608.44754
433.62060, 3158.95637
1394.96580, 995.49760
824.73072, 1709.31264
1554.08023, 892.40744
1421.02816, 1612.42875
796.49665, 2513.07442
752.46794, 2619.70723
1708.43062, 1228.20357
1337.10810, 2116.50959
106.35252, 3249.01496
1806.98168, 1271.58374
1303.12718, 2875.16591
63.47794, 3491.15386
31.83262, 3276.06350
1242.96906, 2639.73924
1345.00040, 583.94644
1585.68061, 1525.68394
107.28348, 2804.60713
1448.33181, 460.59371
392.52790, 3388.02887
1487.38104, 899.72963
978.05127, 2864.98979
1333.12220, 2516.41317
1511.80029, 1040.00565
939.41101, 2143.19059
430.77948, 2864.01833
1700.67877, 374.27552
1459.57691, 1173.65264
1706.62620, 1202.21184
303.37629, 3395.11089
669.94133, 1813.47815
143.25727, 3146.49752
1129.81716, 2896.31444
1457.38525, 2474.79871
1404.52212, 958.32266
1499.88608, 899.60249
1626.14508, 867.28161
1467.85661, 1231.46099
394.64155, 3092.78334
286.42224, 2961.17081
1327.08483, 2252.57042
1632.02563, 114.96432
1537.47744, 158.46935
352.33791, 3574.68434
239.79950, 3497.56286
1481.75003, 1513.44890
666.24332, 2555.04013
1421.68078, 301.68186
1645.90844, 363.42579
367.20312, 2563.02209
1347.39409, 2019.50894
1634.37976, 1444.63374
434.22667, 3190.45469
945.61506, 3104.79826
235.77985, 2993.37141
768.42615, 2464.86648
196.79917, 2502.36066
305.84103, 3320.98505
1751.62154, 342.13916
1618.67875, 1091.72873
32.04888, 3428.97520
1344.25294, 1953.60344
1431.34636, 2143.63124
1380.92581, 2188.54718
60.80717, 3554.24807
263.94328, 3438.04046
700.73332, 2555.94432
380.06424, 3618.78001
1395.29138, 2099.36808
1714.80496, 1442.25466
289.11512, 3003.85629
286.08627, 2641.33452
104.43166, 3142.28010
864.09155, 2214.08170
1553.44130, 283.57384
1322.43163, 2140.73498
391.15926, 2952.36792
1296.90536, 2115.24324
69.54764, 4079.35129
1737.24926, 2641.90358
733.87155, 2754.27183
851.59783, 2152.22617
1376.10935, 1873.53492
1319.36468, 2506.41359
1382.88673, 1056.96059
997.39178, 3311.77327
1545.68717, 799.11386
513.52918, 2752.84247
71.33575, 2861.89584
1409.45722, 2088.91548
1497.31860, 590.06017
1236.51567, 2389.77464
738.52394, 1948.17436
902.25070, 1859.04945
1410.47348, 1221.84267
370.51841, 2997.46705
1779.79054, 86.61332
1242.73832, 2276.72878
272.76132, 3491.91354
81.17641, 3273.77629
958.94275, 2007.85986
1591.10404, 883.85364
1686.84531, 304.15082
1159.93232, 2877.59924
238.16561, 3046.88012
160.88945, 2659.45506
893.08725, 2271.53096
1450.05047, 1704.15747
1702.08473, 376.66490
116.40574, 3612.07592
1630.81255, 294.09035
1854.25192, 1335.65276
1089.08093, 2848.63216
969.82727, 644.39041
1595.25297, 376.21833
305.77833, 3099.56172
318.10373, 3094.72694
1662.31030, 2099.99280
1388.18962, 1719.89460
384.32363, 2467.27952
64.70880, 2909.53723
1760.59444, 54.83630
1365.23839, 888.35725
1517.10776, 521.77648
1617.18112, 1404.28985
152.55045, 4009.16586
691.59237, 2437.89505
1522.52802, 133.79015
391.73307, 3239.96454
350.44809, 3551.51788
6.71802, 3238.79685
1513.59163, 932.23218
1619.92353, 1319.57532
330.64446, 3195.79523
1634.89505, 1684.19768
1309.16372, 3204.45220
533.67681, 3118.39039
286.61307, 2694.49684
3.32354, 3390.61357
410.14302, 3231.40154
69.12166, 3718.80887
420.38200, 2660.16572
1530.24060, 862.51159
444.36154, 2798.53409
925.44630, 2289.33591
1644.29392, 1029.86164
1545.64394, 1841.37631
1131.34682, 2646.74710
1402.85100, 417.59874
241.64979, 2632.30643
1462.03209, 1416.80970
1606.53471, 315.53848
605.28907, 2574.79241
10.17031, 2943.73103
1386.27518, 1702.23097
1548.93681, 443.12173
309.66232, 3290.69840
1428.96459, 314.91356
1685.80072, 899.52061
480.87367, 2786.00031
367.10991, 3087.98283
289.66349, 3168.15423
1626.20570, 1866.48896
293.40628, 2547.91111
1500.27031, 768.89409
906.81868, 2120.91172
1394.99985, 211.41174
1757.54709, 45.36497
1508.58042, 1440.16962
672.33569, 2704.50517
110.24682, 4016.06928
162.57018, 3549.80568
1063.75015, 2729.15744
1820.61533, 1406.08944
506.78987, 2794.32864
1483.23822, 1011.81445
1653.52612, 1546.60850
28.72975, 2804.66602
1705.22109, 2283.92998
365.66069, 3453.84901
458.09733, 2993.94233
73.71746, 2871.47465
832.53702, 2126.08223
351.43042, 3802.29654
157.59920, 2906.35895
1378.92376, 1905.82391
1760.73269, 161.87859
1393.97472, 1698.60816
420.20718, 2685.04085
951.36324, 2012.30068
1664.78580, 1340.90025
61.94421, 3110.08854
523.95644, 2745.40219
256.88324, 3185.42887
1506.59727, 485.81706
1592.56036, 2535.24244
1820.40491, 1869.64729
1393.92110, 983.88469
687.64109, 2628.85358
1552.24059, 524.14841
524.08687, 2697.79490
1479.44886, 990.68077
736.20792, 2680.29143
1555.78644, 17.21855
1202.01743, 2616.03502
388.47248, 3216.71376
1639.26166, 1979.85452
377.28403, 2803.25562
728.77007, 2498.00269
640.87073, 1877.43935
1617.15748, 1792.34607
1132.21973, 2725.16343
934.30858, 3043.35349
1440.98119, 1853.96033
1264.00355, 2361.93032
669.66240, 2864.11076
720.01020, 2246.18804
2111.53540, 2580.96199
911.13330, 2274.68803
1522.88502, 784.59096
827.83509, 1643.40808
1209.46060, 3019.96465
175.49376, 2379.99909
905.21882, 2326.53974
1221.85290, 2628.92891
503.60490, 2376.32666
52.18339, 3190.05017
1484.03839, 1806.64319
1518.97477, 582.49891
1644.31334, 2227.84203
1405.55258, 2369.97100
114.49056, 2794.50176
1462.83190, 1913.89275
1487.83961, 411.39264
703.95436, 2537.99915
1355.84597, 2172.84192
1597.31832, 429.80304
553.39242, 2158.73310
1420.71546, 1355.72220
52.19189, 3187.10567
1368.56926, 1001.15491
1056.74948, 2737.02754
1631.64757, 1222.84169
356.12360, 2860.86785
1560.58500, 1513.19734
1602.74209, 783.98555
121.54529, 2899.66917
1439.89926, 1350.39218
134.90121, 2831.61621
1735.47066, 1202.31487
1383.24830, 1804.63252
1722.39431, 1264.77176
1401.64257, 1963.92011
127.59531, 3763.76401
321.85122, 2903.43676
1656.59573, 2321.71870
386.13579, 3162.28285
144.21367, 3551.51466
411.64787, 3016.12593
1409.45785, 767.25248
421.07908, 2779.66362
245.80913, 3130.15709
367.58855, 2968.54981
1580.21043, 1754.09649
1784.96290, 1629.54282
1667.57769, 1258.37938
1414.21193, 1598.96593
1737.28833, 1676.71674
1464.07503, 816.68574
1060.39437, 1813.05467
1562.26257, 724.29343
1698.25354, 1936.15315
1341.41220, 53.35035
613.14575, 2695.34135
1462.42068, 994.44385
1751.91465, 39.68328
1661.35385, 1175.40112
23.10140, 3646.66168
1493.32911, 2007.05468
1570.33613, 354.06927
1467.78716, 1509.61165
251.22918, 3043.83234
1518.86550, 159.30495
1490.51839, 1103.53951
1001.40007, 2191.26719
1231.73859, 3227.74378
1480.29120, 1760.85281
1448.12783, 2371.48267
1527.60716, 1900.20318
1677.77551, 1482.94762
1287.20620, 2307.61938
600.74925, 2173.93733
1386.67565, 2112.77121
129.52016, 3395.73864
342.01377, 3463.32725
1090.13185, 2706.64745
73.05785, 3524.84578
1516.72204, 1923.19203
161.50290, 3539.77848
1529.68304, 1383.47800
24.22231, 2910.12245
1515.34962, 187.47026
402.93780, 2995.62409
210.89120, 3223.83050
1490.22598, 373.08874
69.32803, 3098.08466
185.77639, 3985.50453
91.77281, 3299.09452
191.46793, 3137.45395
930.13003, 3178.32476
1589.23615, 469.93476
393.82973, 3334.02145
87.83081, 3393.60488
1390.48306, 1180.71715
84.78234, 3431.03202
280.39788, 3261.82023
1440.06620, 2044.95202
349.84905, 3810.20649
1793.07217, 1455.08589
1396.42495, 1319.91236
1376.29079, 69.45111
1584.24378, 720.30299
1663.59725, 1033.30816
142.76721, 3749.57174
464.46323, 2929.75417
654.24784, 2771.20032
1602.63680, 394.98180
347.92208, 3125.39381
1520.34780, 2358.77749
1385.18296, 854.99863
1500.48510, 562.14193
1553.61635, 1110.36930
1730.90896, 212.39746
172.54353, 2690.94219
861.44354, 1789.33046
1012.41962, 2866.50178
1489.71105, 950.08265
1452.75671, 1290.71463
592.28901, 2717.30492
1534.22030, 905.05683
1125.67033, 2828.56081
1572.03580, 1333.74548
1507.08940, 844.39608
19.51870, 3381.87777
1601.97314, 1608.42036
994.95036, 2148.49308
1689.44625, 364.73881
284.37227, 3106.80157
4.11774, 2157.66479
1495.67341, 151.15651
799.53169, 2146.88348
1489.76836, 922.54005
1448.34204, 1819.91410
452.68593, 2926.08227
1523.37072, 800.28760
548.53878, 2348.54724
1076.74196, 2807.21447
1587.98927, 107.01590
1458.18508, 2029.90253
1597.25249, 575.41653
1365.76035, 827.15066
195.13140, 3069.91186
1392.11315, 2022.41562
1622.80347, 847.19121
153.53329, 3519.39296
282.69923, 3472.12456
1348.21710, 3062.76139
1377.51838, 1793.19899
44.92283, 3481.88245
338.16451, 2287.70541
66.34899, 3633.59962
324.23669, 3233.29057
1295.62788, 2222.64787
1484.87142, 2324.59167
686.57130, 2506.11116
756.89071, 2531.85010
270.54963, 3266.21128
1315.82186, 2714.08931
269.56544, 3375.59201
1422.40640, 2239.27189
214.45057, 3078.30750
110.40995, 2684.16411
1517.05299, 1209.39026
976.37237, 1998.10603
1526.49175, 812.80991
1553.73194, 224.96699
690.09705, 1866.46056
1685.29688, 1315.89899
1455.44094, 2553.79833
1450.99112, 2436.15850
402.88829, 2847.26129
664.54303, 2760.20973
999.57821, 2020.85546
141.60732, 2663.62750
248.26466, 3458.46997
676.94305, 2414.34004
927.51926, 3078.57447
1393.78481, 1596.73265
1690.22071, 1994.05214
1487.58864, 2408.58932
1323.44309, 2867.43235
1236.35514, 2529.67106
1287.34192, 3093.66581
2.37976, 3447.06841
705.98203, 2799.14905
28.19115, 3264.20304
476.26471, 2605.32543
209.18473, 2703.18114
328.55888, 3631.61920
1370.85044, 2348.00221
104.19462, 3357.97149
1396.28811, 1246.88034
264.61494, 3499.71390
88.59029, 3276.42557
1018.93073, 2159.40573
1440.89033, 1420.39820
1505.63475, 1035.03790
169.27635, 3797.92727
245.01331, 3065.97022
843.89836, 2255.64599
1666.96419, 606.02159
356.44012, 2513.41880
1427.26783, 1124.12191
390.42080, 3499.52309
334.08888, 2871.84959
1370.76240, 2965.13555
1535.60293, 1981.62546
1441.78311, 1491.77861
1534.95273, 676.88120
339.39081, 2587.37992
33.63328, 3210.64667
1401.71468, 135.00412
1481.75945, 549.17491
1496.83407, 1308.46822
1609.96536, 212.68382
1483.67565, 323.32106
666.47206, 2572.86512
1564.57368, 887.82306
146.45661, 3611.68712
340.25696, 3287.81077
1145.68478, 2708.62059
131.85754, 3225.08680
764.54074, 2021.68012
1008.64294, 3149.79200
1540.40699, 120.82050
1703.31248, 836.60409
1482.43069, 413.50023
1599.31928, 569.70543
1578.94561, 240.62185

 Final Population: 
0.68058, 328.11237
0.68058, 328.11237
0.68058, 328.11237
0.68058, 328.11237
0.68058, 328.11237
0.68058, 328.11237
0.68058, 328.11237
0.68058, 328.11237
0.68058, 328.11237
0.68058, 328.11237
0.68058, 328.11237
0.68058, 328.11237
0.68058, 328.11237
0.68058, 328.11237
0.68058, 328.11237
0.68058, 328.11237
0.68058, 328.11237
0.68058, 328.11237
0.68058, 328.11237
0.68058, 328.11237
0.68058, 328.11237
0.68058, 328.11237
0.68058, 328.11237
0.68058, 328.11237
0.68058, 328.11237
0.68058, 328.11237
0.68058, 328.11237
0.68058, 328.11237
0.68058, 328.11237
0.68058, 328.11237
0.68058, 328.11237
0.68058, 328.11237
0.68058, 328.11237
0.68058, 328.11237
0.68058, 328.11237
0.68058, 328.11237
0.68058, 328.11237
0.68058, 328.11237
0.68058, 328.11237
0.68058, 328.11237
0.68058, 328.11237
0.68058, 328.11237
0.68058, 328.11237
0.68058, 328.11237
0.68058, 328.11237
0.68058, 328.11237
0.68058, 328.11237
0.68058, 328.11237
0.68058, 328.11237
0.68058, 328.11237
0.68058, 328.11237
0.68058, 328.11237
0.68058, 328.11237
0.68058, 328.11237
0.68058, 328.11237
0.68058, 328.11237
0.68058, 328.11237
0.68058, 328.11237
0.68058, 328.11237
0.68058, 328.11237
0.68058, 328.11237
0.68058, 328.11237
0.68058, 328.11237
0.68058, 328.11237
0.68058, 328.11237
0.68058, 328.11237
0.68058, 328.11237
0.68058, 328.11237
0.68058, 328.11237
0.68058, 328.11237
0.68058, 328.11237
0.68058, 328.11237
0.68058, 328.11237
0.68058, 328.11237
0.68058, 328.11237
0.68058, 328.11237
0.68058, 328.11237
0.68058, 328.11237
0.68058, 328.11237
0.68058, 328.11237
0.68058, 328.11237
0.68058, 328.11237
0.68058, 328.11237
0.68058, 328.11237
0.68058, 328.11237
0.68058, 328.11237
0.68058, 328.11237
0.68058, 328.11237
0.68058, 328.11237
0.68058, 328.11237
0.68058, 328.11237
0.68058, 328.11237
0.68058, 328.11237
0.68058, 328.11237
0.68058, 328.11237
0.68058, 328.11237
0.68058, 328.11237
0.68058, 328.11237
0.68058, 328.11237
0.68058, 328.11237
0.68058, 328.11237
0.68058, 328.11237
0.68058, 328.11237
0.68058, 328.11237
0.68058, 328.11237
0.68058, 328.11237
0.68058, 328.11237
0.68058, 328.11237
0.68058, 328.11237
0.68058, 328.11237
0.68058, 328.11237
0.68058, 328.11237
0.68058, 328.11237
0.68058, 328.11237
0.68058, 328.11237
0.68058, 328.11237
0.68058, 328.11237
0.68058, 328.11237
0.68058, 328.11237
0.68058, 328.11237
0.68058, 328.11237
0.68058, 328.11237
0.68058, 328.11237
0.68058, 328.11237
0.68058, 328.11237
0.68058, 328.11237
0.68058, 328.11237
0.68058, 328.11237
0.68058, 328.11237
0.68058, 328.11237
0.68058, 328.11237
0.68058, 328.11237
0.68058, 328.11237
0.68058, 328.11237
0.68058, 328.11237
0.68058, 328.11237
0.68058, 328.11237
0.68058, 328.11237
0.68058, 328.11237
0.68058, 328.11237
0.68058, 328.11237
0.68058, 328.11237
0.68058, 328.11237
0.68058, 328.11237
0.68058, 328.11237
0.68058, 328.11237
0.68058, 328.11237
0.68058, 328.11237
0.68058, 328.11237
0.68058, 328.11237
0.68058, 328.11237
0.68058, 328.11237
0.68058, 328.11237
0.68058, 328.11237
0.68058, 328.11237
0.68058, 328.11237
0.68058, 328.11237
0.68058, 328.11237
0.68058, 328.11237
0.68058, 328.11237
0.68058, 328.11237
0.68058, 328.11237
0.68058, 328.11237
0.68058, 328.11237
0.68058, 328.11237
1335.62773, 4576.47080
1335.62773, 4576.47080
1335.62773, 4576.47080
1335.62773, 4576.47080
1335.62773, 4576.47080
1335.62773, 4576.47080
1335.62773, 4576.47080
1335.62773, 4576.47080
1435.00929, 4481.24960
1435.00929, 4481.24960
1435.00929, 4481.24960
1435.00929, 4481.24960
1435.00929, 4481.24960
1435.00929, 4481.24960
1435.00929, 4481.24960
1435.00929, 4481.24960
1435.00929, 4481.24960
1435.00929, 4481.24960
1435.00929, 4481.24960
1435.00929, 4481.24960
1435.00929, 4481.24960
1435.00929, 4481.24960
1435.00929, 4481.24960
1435.00929, 4481.24960
1435.00929, 4481.24960
1435.00929, 4481.24960
1435.00929, 4481.24960
1435.00929, 4481.24960
1435.00929, 4481.24960
1435.00929, 4481.24960
1435.00929, 4481.24960
1435.00929, 4481.24960
1435.00929, 4481.24960
1435.00929, 4481.24960
1435.00929, 4481.24960
1435.00929, 4481.24960
1435.00929, 4481.24960
1435.00929, 4481.24960
1435.00929, 4481.24960
1435.00929, 4481.24960
1435.00929, 4481.24960
1435.00929, 4481.24960
1435.00929, 4481.24960
1435.00929, 4481.24960
1435.00929, 4481.24960
1435.00929, 4481.24960
1435.00929, 4481.24960
1435.00929, 4481.24960
1435.00929, 4481.24960
1435.00929, 4481.24960
1435.00929, 4481.24960
1435.00929, 4481.24960
1435.00929, 4481.24960
1435.00929, 4481.24960
1435.00929, 4481.24960
1435.00929, 4481.24960
1435.00929, 4481.24960
1435.00929, 4481.24960
1435.00929, 4481.24960
1435.00929, 4481.24960
1435.00929, 4481.24960
1435.00929, 4481.24960
1435.00929, 4481.24960
1435.00929, 4481.24960
1435.00929, 4481.24960
1435.00929, 4481.24960
1435.00929, 4481.24960
1435.00929, 4481.24960
1435.00929, 4481.24960
1435.00929, 4481.24960
1336.73122, 4580.25186
1336.73122, 4580.25186
1336.73122, 4580.25186
1336.73122, 4580.25186
1336.73122, 4580.25186
1336.73122, 4580.25186
1337.59787, 4583.22140
1337.59787, 4583.22140
1337.59787, 4583.22140
1337.94957, 4584.42646
1337.94957, 4584.42646
1340.32514, 4592.56625
8.31492, 4008.67268
1.08702, 524.05906
1332.71479, 4161.80414
1.47737, 712.25092
4.19432, 2022.10479
1036.24198, 3550.63844
2.90744, 1401.69601
808.77950, 2525.65810
240.61583, 2669.99090
7.62808, 3677.54282
2.18406, 1052.94557
0.68058, 328.11237
9.25251, 4460.68985
5.75114, 2772.65883
9.94421, 4794.15897
9.56854, 4613.04704
1331.42106, 4157.76408
969.71195, 3028.21824
437.47010, 1366.13243
1357.69556, 4239.81416
580.64145, 1813.22816
607.47115, 5021.88775
1382.16957, 4316.24164
955.39392, 3273.61604
1096.06958, 3755.63512
4.95665, 2389.63203
167.98328, 575.58745
3.18245, 1534.27744
167.98328, 575.58745
8.71391, 4201.02593
3.48207, 1678.72536
7.62808, 3677.54282
549.86249, 1717.11157
9.18933, 4430.23103
1271.07445, 3969.31358
8.87992, 4281.06301
1023.18434, 3195.20191
8.35358, 4027.30920
1317.87757, 4515.65064
896.00940, 3070.13756
6.14625, 2963.14440
1432.46775, 4473.31287
2.90744, 1401.69601
1331.42106, 4157.76408
1217.91647, 4173.13825
1326.42819, 4544.94896
850.73918, 2656.68985
5.17474, 2494.77425
1050.14276, 3279.38772
5.17474, 2494.77425
1331.42106, 4157.76408
4.64851, 2241.07413
890.45919, 2780.72758
386.78000, 1207.83727
9.21370, 4441.97859
7.98818, 3851.14849
1004.69137, 3137.45203
776.36488, 2424.43364
305.45866, 1046.64091
7.62808, 3677.54282
2.26182, 1090.43862
582.34727, 4831.44931
1.87115, 902.09310
1023.18434, 3195.20191
1280.22751, 3997.89677
1306.10767, 4475.32157
3.45273, 1664.58214
328.81670, 1026.82940
393.89558, 1230.05781
2.26182, 1090.43862
845.53126, 2897.17639
1164.85947, 3637.62526
531.78941, 1660.67292
1023.18434, 3195.20191
6.14625, 2963.14440
1333.09573, 4567.79498
1272.56503, 3973.96836
1429.98370, 4465.55567
1190.95379, 4080.75178
3.30198, 1591.90318
858.15613, 2940.43494
850.73918, 2656.68985
3.56653, 1719.44382
5.17474, 2494.77425
2.05520, 990.82236
672.15505, 2099.00700
1190.02434, 4060.10028
3.46470, 1670.35198
7.87605, 3797.08729
6.54840, 3157.02177
1047.27689, 3588.44907
479.94866, 1498.78455
275.67285, 860.87167
1389.16864, 4338.09834
5.49750, 2650.37426
1429.98370, 4465.55567
513.83612, 1604.60838
1424.11858, 4447.24008
850.73918, 2656.68985
858.15613, 2940.43494
1152.87178, 91.45621
4.25961, 2053.58486
1435.00929, 4481.24960
1023.18434, 3195.20191
8.07708, 3894.00929
2.90744, 1401.69601
4.61894, 2226.81560
5.49750, 2650.37426
1.50257, 724.39598
7.25232, 3496.38370
7.25232, 3496.38370
672.15505, 2099.00700
541.75076, 1856.28559
227.76073, 711.25163
6.54840, 3157.02177
7.68640, 3705.65710
686.19565, 2351.21980
8.74348, 4215.28445
3.84831, 1855.29201
580.64145, 1813.22816
1229.43756, 3839.28982
7.38182, 3558.81582
2.90744, 1401.69601
1280.22751, 3997.89677
1280.22751, 3997.89677
622.78308, 1944.82813
8.68992, 4189.45994
4.09346, 1973.48065
2.35766, 1136.63959
4.98408, 2402.85575
724.43674, 2262.27237
1327.70027, 4549.30769
4.86922, 2347.47964
408.88730, 1401.03468
4.87867, 2352.03692
8.70483, 4196.64794
5.75933, 2776.60496
3.48207, 1678.72536
2.26182, 1090.43862
724.43674, 2262.27237
1070.79796, 3343.88981
4.46241, 2151.35495
1382.16957, 4316.24164
580.64145, 1813.22816
9.05703, 4366.44847
1331.42106, 4157.76408
2.14900, 1036.04353
180.76021, 564.47830
1178.18989, 4037.01683
275.67285, 860.87167
479.94866, 1498.78455
4.87377, 2349.67484
738.30552, 2529.77200
5.17474, 2494.77425
724.43674, 2262.27237
1178.71408, 3680.89047
1145.50273, 3577.17799
724.43674, 2262.27237
808.77950, 2525.65810
6.89859, 3325.85041
689.95079, 2364.08660
1244.18499, 3885.34314
1321.86163, 4529.30184
1114.19528, 3817.74206
1023.18434, 3195.20191
4.64851, 2241.07413
479.94866, 1498.78455
2.65199, 1278.53760
3.17390, 1530.15668
6.14625, 2963.14440
1331.42106, 4157.76408
1431.16428, 4469.24240
1145.50273, 3577.17799
746.81958, 739.25371
3.17390, 1530.15668
592.79860, 1851.19253
1190.95379, 4080.75178
1432.46775, 4473.31287
827.89414, 2585.34932
1023.18434, 3195.20191
1174.87735, 3668.90912
355.12570, 1216.82289
1176.13462, 3672.83533
1322.87583, 4131.07903
6.92817, 3340.10894
1070.79796, 3343.88981
724.43674, 2262.27237
775.80379, 2422.68148
4.86922, 2347.47964
649.26174, 2027.51573
9.18933, 4430.23103
1.47737, 712.25092
969.71195, 3028.21824
1382.16957, 4316.24164
8.89378, 4287.74104
764.16466, 2386.33478
657.69217, 2253.55383
1145.50273, 3577.17799
1431.16428, 4469.24240
384.49711, 1200.70826
2.26182, 1090.43862
6.51882, 3142.76324
1435.00929, 4481.24960
1432.09148, 4472.13787
1.47737, 712.25092
1126.12358, 3858.61385
580.64145, 1813.22816
1023.18434, 3195.20191
1145.45075, 3924.83758
394.33382, 5016.04318
1450.74534, 1162.52512
580.64145, 1813.22816
4.98408, 2402.85575
890.45919, 2780.72758
921.74194, 3158.30898
8.35358, 4027.30920
850.73918, 2656.68985
6.51882, 3142.76324
672.15505, 2099.00700
1110.86154, 3469.00044
672.15505, 2099.00700
8.35358, 4027.30920
775.80379, 2422.68148
1091.25346, 3407.76827
456.75941, 1426.36912
227.76073, 711.25163
4.18337, 2016.82629
8.02684, 3869.78501
1331.42106, 4157.76408
3.16476, 1525.74793
1431.16428, 4469.24240
1066.99719, 3656.01983
1110.86154, 3469.00044
7.25232, 3496.38370
531.78941, 1660.67292
3.84831, 1855.29201
293.44179, 916.36055
1229.43756, 3839.28982
306.37112, 1049.76743
275.67285, 860.87167
757.84254, 2366.59204
328.81670, 1026.82940
377.90866, 1294.88770
5.75114, 2772.65883
3.17390, 1530.15668
1178.71408, 3680.89047
447.63359, 1533.79718
1331.42106, 4157.76408
1070.79796, 3343.88981
1041.27774, 3251.70400
180.76021, 564.47830
7.48868, 3610.33748
2.90744, 1401.69601
divergence_from_baseline:760.204008197
