
Model: DTLZ_7
Args:
	number of decisions: 10
	number of objectives: 2Settings: 
{	:better <function lt at 0x10aaea1b8>
 	:candidates 500
 	:era 100
 	:gens 500
 	:lives 3
 	:mutate_prob 0.25
 	:patience 3
 	:retain 0.33
}
 Baseline Population: 
0.72995, 14.87374
0.31284, 11.79615
0.33749, 10.07319
0.81278, 14.72791
0.58654, 13.91393
0.13813, 11.95439
0.35516, 15.78533
0.64938, 15.75826
0.75580, 10.79021
0.51125, 15.13514
0.04759, 12.01534
0.92261, 13.40398
0.63605, 9.24856
0.85754, 11.09655
0.32975, 10.35426
0.43757, 11.88018
0.31936, 10.61506
0.53779, 14.78031
0.30583, 8.61740
0.14696, 11.93718
0.95039, 11.30105
0.06599, 11.67409
0.32564, 14.52583
0.13296, 14.05476
0.45163, 10.15757
0.73098, 9.14169
0.18245, 11.61744
0.78737, 11.32626
0.03251, 11.98626
0.70104, 13.47932
0.97905, 15.15144
0.99195, 14.50296
0.19468, 11.43637
0.26531, 8.70712
0.65310, 11.51708
0.01516, 10.06141
0.08549, 11.78719
0.46484, 16.05265
0.31303, 10.60615
0.21308, 10.92408
0.23387, 9.12329
0.80113, 10.83549
0.22214, 9.19728
0.99441, 15.12730
0.90416, 11.00111
0.45084, 13.83009
0.17023, 10.37444
0.21478, 10.53167
0.57540, 13.87892
0.24653, 11.22477
0.19261, 10.04438
0.46706, 14.75698
0.92051, 11.30914
0.89962, 11.27569
0.60859, 10.65693
0.29508, 10.76223
0.21163, 14.67847
0.30425, 14.28040
0.29943, 11.40660
0.99490, 13.39278
0.43368, 11.17545
0.19432, 10.97311
0.03472, 11.05245
0.52537, 13.69125
0.89249, 10.56574
0.11157, 10.09140
0.62793, 11.52384
0.76707, 10.80153
0.38229, 11.45276
0.38728, 11.46034
0.20777, 9.54627
0.91792, 13.52166
0.02853, 11.14858
0.84469, 10.16267
0.04347, 11.34444
0.82875, 10.32876
0.75538, 10.05910
0.50364, 11.66362
0.26347, 11.73736
0.39684, 10.76715
0.05788, 11.00472
0.92083, 15.52765
0.41714, 15.66684
0.85919, 10.98825
0.06273, 14.67608
0.11800, 10.27088
0.17871, 11.39255
0.49939, 11.53124
0.22260, 11.34487
0.69180, 11.29893
0.72284, 13.92912
0.22194, 11.10912
0.09297, 8.47404
0.51796, 11.67366
0.67908, 14.18187
0.32376, 14.75737
0.56769, 14.30899
0.25927, 11.11583
0.04561, 8.28388
0.04909, 10.17693
0.18630, 10.77512
0.64535, 10.66297
0.84624, 10.35568
0.85141, 9.86162
0.42743, 11.84411
0.90541, 13.33100
0.07561, 14.14071
0.89704, 10.54955
0.30611, 12.00577
0.82302, 13.57306
0.70503, 14.03506
0.86139, 11.44714
0.27460, 10.83283
0.32092, 10.90265
0.49205, 14.60001
0.60790, 11.55945
0.89277, 13.75829
0.55245, 10.75245
0.72612, 11.45881
0.04936, 10.85029
0.84841, 9.92572
0.78137, 10.48632
0.04121, 9.79733
0.45187, 14.29514
0.02665, 12.09154
0.67107, 10.02276
0.77196, 13.75169
0.89074, 13.42583
0.36479, 11.30518
0.60061, 16.49536
0.25923, 9.82345
0.44402, 11.25978
0.11518, 11.73802
0.96532, 13.48185
0.58762, 13.95361
0.62310, 14.27015
0.65402, 14.41259
0.42550, 15.21343
0.12957, 11.29056
0.06713, 10.58970
0.51818, 15.11593
0.72492, 11.36161
0.73933, 10.75070
0.93023, 14.62062
0.90459, 15.32864
0.29453, 8.88180
0.23066, 12.06640
0.42167, 10.83986
0.53116, 14.77461
0.90236, 9.97279
0.12203, 14.05188
0.67825, 14.74867
0.82191, 13.75293
0.43146, 11.08701
0.10199, 14.79818
0.99826, 15.42769
0.58032, 9.76228
0.09060, 10.86682
0.07857, 10.86488
0.93802, 10.35181
0.21402, 10.17697
0.12998, 9.43900
0.29641, 11.93881
0.05871, 11.67575
0.53033, 11.32801
0.82840, 10.80840
0.40139, 11.75827
0.80927, 14.26866
0.70124, 9.51135
0.35528, 15.76775
0.09669, 14.29257
0.10612, 11.52381
0.65528, 14.54379
0.53898, 14.46048
0.86609, 11.41035
0.73768, 14.00421
0.59032, 15.53169
0.15906, 11.00257
0.30884, 11.36703
0.82256, 11.21403
0.15381, 11.25962
0.16733, 11.22647
0.59798, 13.85393
0.16413, 10.98372
0.94617, 13.36048
0.11496, 10.17385
0.38104, 14.08126
0.90730, 11.32435
0.98608, 14.12569
0.30686, 11.58530
0.17789, 9.91717
0.61228, 17.26513
0.77588, 10.38043
0.07177, 12.07379
0.28000, 11.85595
0.27633, 9.53777
0.69453, 14.49865
0.24392, 15.70830
0.25225, 11.22028
0.85761, 10.26612
0.60695, 15.95497
0.18101, 11.80590
0.06227, 11.35886
0.29839, 10.72737
0.68287, 11.30682
0.92688, 11.33378
0.73774, 11.01350
0.19663, 10.88484
0.34276, 11.85587
0.43172, 11.83114
0.58519, 8.87692
0.00530, 9.47816
0.35574, 10.03967
0.83630, 10.32606
0.76677, 10.74321
0.94923, 10.31794
0.73628, 10.54498
0.51596, 14.42389
0.34848, 10.03560
0.68125, 13.62175
0.40553, 14.53297
0.01070, 10.86154
0.10963, 14.40892
0.13939, 14.40162
0.31484, 11.71313
0.92383, 14.08082
0.17412, 11.49953
0.39483, 14.13803
0.20915, 11.67637
0.66831, 13.96504
0.89344, 14.09380
0.68083, 11.26410
0.64674, 10.54892
0.82972, 11.23912
0.62849, 14.48160
0.04591, 9.71172
0.28499, 11.49419
0.79118, 15.22339
0.79217, 10.99948
0.82800, 13.95403
0.41761, 11.64529
0.32210, 10.28122
0.36268, 11.79319
0.71122, 14.75052
0.80679, 10.90381
0.25084, 11.64755
0.34783, 11.26243
0.06867, 11.48353
0.33015, 11.57942
0.69387, 14.96144
0.20153, 14.43661
0.68893, 13.70964
0.94288, 13.82654
0.44895, 10.27378
0.35272, 10.55074
0.09691, 11.31984
0.17024, 14.06695
0.88559, 10.90826
0.10786, 14.61739
0.08588, 14.98935
0.26366, 11.58182
0.93829, 9.99328
0.74831, 11.35176
0.38356, 14.09079
0.45328, 14.88460
0.89862, 9.82707
0.02407, 16.79248
0.06679, 12.21602
0.77398, 11.46020
0.35507, 9.59493
0.68845, 11.47854
0.21576, 14.23664
0.66803, 14.21350
0.27919, 15.67350
0.93453, 13.28132
0.89018, 8.08400
0.88817, 15.05764
0.70159, 11.55970
0.98285, 15.27719
0.85276, 10.16656
0.41441, 13.83640
0.33962, 11.62914
0.38025, 10.41494
0.90657, 11.06381
0.55965, 14.67841
0.12252, 9.10556
0.67734, 14.65023
0.69448, 10.87020
0.58561, 10.29551
0.53329, 10.29879
0.66242, 10.19796
0.49190, 13.82885
0.40077, 11.74211
0.10761, 11.43678
0.11947, 12.10591
0.37424, 11.34772
0.82852, 11.31506
0.66885, 14.85920
0.57005, 14.31463
0.62798, 11.34986
0.87532, 7.11850
0.07977, 14.76079
0.49125, 9.18511
0.22769, 11.83802
0.53733, 14.90472
0.05399, 11.50673
0.25268, 10.65848
0.51120, 13.76429
0.26315, 15.20549
0.12186, 11.07189
0.79831, 11.50970
0.81544, 8.75018
0.69725, 10.18245
0.75076, 14.13531
0.35346, 13.88857
0.97044, 14.44187
0.50581, 10.26924
0.55092, 11.74620
0.39470, 14.99771
0.64746, 14.03291
0.28926, 11.93299
0.90473, 11.33091
0.75376, 11.00999
0.01450, 12.15338
0.23985, 10.95329
0.26410, 11.14232
0.46562, 11.48456
0.98543, 11.36184
0.94901, 10.41459
0.03337, 11.90783
0.63143, 11.68651
0.57021, 15.22929
0.03337, 11.60866
0.18080, 11.79351
0.77401, 10.35330
0.79795, 11.53731
0.81453, 15.37974
0.97823, 14.05116
0.11407, 9.98402
0.39752, 14.40739
0.28029, 14.23123
0.75338, 9.48008
0.60568, 14.02991
0.26000, 9.69088
0.05233, 9.53011
0.66686, 13.57237
0.70006, 14.95202
0.05672, 10.69536
0.69931, 11.00605
0.55834, 15.96376
0.05199, 14.81079
0.95875, 8.96599
0.73845, 10.68156
0.37314, 10.36577
0.82465, 8.30841
0.54561, 14.46283
0.75736, 10.58586
0.69403, 13.80724
0.52147, 13.75944
0.32974, 11.92462
0.69602, 10.34397
0.63808, 14.54843
0.15045, 12.02232
0.02629, 11.71541
0.31464, 11.91316
0.08485, 11.20784
0.27402, 15.38322
0.36839, 14.49764
0.52627, 14.64344
0.42267, 11.66101
0.12358, 14.92050
0.81223, 10.19636
0.99806, 13.22696
0.92665, 10.58779
0.13483, 11.29540
0.15989, 14.83633
0.77960, 14.70792
0.03109, 11.13575
0.71041, 11.44639
0.32552, 10.46047
0.61827, 9.28211
0.41379, 11.08761
0.02313, 11.04934
0.37641, 11.75256
0.14011, 11.68584
0.36875, 11.05872
0.74124, 10.45726
0.63686, 15.76201
0.46263, 11.44868
0.34826, 14.39122
0.41473, 13.90999
0.82030, 11.05380
0.84598, 13.88111
0.04022, 11.98626
0.69778, 11.38484
0.85960, 10.75900
0.78850, 14.53657
0.63523, 10.52419
0.92575, 9.02226
0.93975, 13.53074
0.05421, 12.02442
0.15561, 9.75883
0.15447, 11.11034
0.29003, 11.15840
0.22356, 11.34817
0.19335, 11.76919
0.83529, 9.93115
0.67035, 15.86950
0.18261, 11.04756
0.06145, 10.84000
0.75382, 13.76694
0.13742, 9.42583
0.26324, 11.54311
0.94418, 14.87728
0.11074, 11.29338
0.86616, 10.40434
0.11880, 11.05775
0.67074, 14.68920
0.40001, 11.70019
0.43914, 14.00668
0.70496, 15.41758
0.09236, 12.23522
0.58336, 15.41680
0.90326, 10.81660
0.20825, 11.81850
0.14578, 11.76368
0.24668, 11.48100
0.24026, 10.76707
0.75745, 11.53990
0.86484, 10.52775
0.79155, 13.53630
0.00477, 9.21861
0.62981, 11.20872
0.17442, 10.94005
0.07437, 10.15202
0.94464, 13.34995
0.70650, 11.45483
0.68630, 11.13464
0.05294, 9.85469
0.90433, 14.37751
0.37913, 11.67117
0.37479, 15.04445
0.27137, 10.92314
0.84344, 10.68086
0.72056, 14.81777
0.04024, 12.29253
0.10556, 11.64812
0.39033, 11.57851
0.02449, 10.88053
0.50214, 14.90041
0.39988, 11.55910
0.16669, 12.02402
0.37932, 14.56130
0.94042, 11.38795
0.19475, 10.70024
0.07536, 10.88317
0.15094, 11.76356
0.22660, 9.59091
0.43898, 15.77899
0.95690, 15.40173
0.97016, 15.69877
0.70418, 10.56087
0.55572, 14.56964
0.86326, 10.50947
0.29463, 11.77902
0.84027, 14.34875
0.20423, 9.18216
0.51767, 14.61837
0.53291, 9.15524
0.24364, 9.71216
0.07694, 10.19213
0.08779, 15.14282
0.99254, 13.68456
0.23797, 12.00210
0.11091, 14.74716
0.82852, 14.59502
0.72437, 9.67766
0.20594, 9.78918
0.97189, 15.12541
0.54523, 10.86899
0.87806, 13.45093
0.55940, 14.56216
0.08111, 12.18419
0.52301, 14.22712
0.84544, 10.75024
0.98700, 14.01213
0.32730, 11.20063
0.83613, 10.92201
0.26275, 10.38002
0.03008, 10.74915
0.03392, 11.78844
0.55570, 14.46432
0.23681, 11.49174
0.76953, 11.58421
0.43685, 13.89720
0.87501, 13.59657
0.90988, 10.80381
0.54470, 11.42613
0.42027, 14.83137
0.49160, 10.10084

 Final Population: 
0.00434, 4.04130
0.00434, 4.04130
0.00434, 4.04130
0.00434, 4.04130
0.00434, 4.04130
0.00434, 4.04130
0.00434, 4.04130
0.00434, 4.04130
0.00434, 4.04130
0.00434, 4.04130
0.00434, 4.04130
0.00434, 4.04130
0.00434, 4.04130
0.00434, 4.04130
0.00434, 4.04130
0.00434, 4.04130
0.00434, 4.04130
0.00434, 4.04130
0.00434, 4.04130
0.00434, 4.04130
0.00434, 4.04130
0.00434, 4.04130
0.00434, 4.04130
0.00434, 4.04130
0.00434, 4.04130
0.00434, 4.04130
0.00434, 4.04130
0.00434, 4.04130
0.00434, 4.04130
0.00434, 4.04130
0.00434, 4.04130
0.00434, 4.04130
0.00434, 4.04130
0.00434, 4.04130
0.00434, 4.04130
0.00434, 4.04130
0.00434, 4.04130
0.00434, 4.04130
0.00434, 4.04130
0.00434, 4.04130
0.00434, 4.04130
0.00434, 4.04130
0.00434, 4.04130
0.00434, 4.04130
0.00434, 4.04130
0.00434, 4.04130
0.00434, 4.04130
0.00434, 4.04130
0.00434, 4.04130
0.00434, 4.04130
0.00434, 4.04130
0.00434, 4.04130
0.00434, 4.04130
0.00434, 4.04130
0.00434, 4.04130
0.00434, 4.04130
0.00434, 4.04130
0.00434, 4.04130
0.00434, 4.04130
0.00434, 4.04130
0.00434, 4.04130
0.00434, 4.04130
0.00434, 4.04130
0.00434, 4.04130
0.00434, 4.04130
0.00434, 4.04130
0.00434, 4.04130
0.00434, 4.04130
0.00434, 4.04130
0.00434, 4.04130
0.00434, 4.04130
0.00434, 4.04130
0.00434, 4.04130
0.00434, 4.04130
0.00434, 4.04130
0.00434, 4.04130
0.00434, 4.04130
0.00434, 4.04130
0.00434, 4.04130
0.00434, 4.04130
0.00434, 4.04130
0.00434, 4.04130
0.00434, 4.04130
0.00434, 4.04130
0.00434, 4.04130
0.00434, 4.04130
0.00434, 4.04130
0.00434, 4.04130
0.00434, 4.04130
0.00434, 4.04130
0.00434, 4.04130
0.00434, 4.04130
0.00434, 4.04130
0.00434, 4.04130
0.00434, 4.04130
0.00434, 4.04130
0.00434, 4.04130
0.00434, 4.04130
0.00434, 4.04130
0.00434, 4.04130
0.00434, 4.04130
0.00434, 4.04130
0.00434, 4.04130
0.00434, 4.04130
0.00434, 4.04130
0.00434, 4.04130
0.00434, 4.04130
0.00434, 4.04130
0.00434, 4.04130
0.00434, 4.04130
0.00434, 4.04130
0.00434, 4.04130
0.00434, 4.04130
0.00434, 4.04130
0.00434, 4.04130
0.00434, 4.04130
0.00434, 4.04130
0.00434, 4.04130
0.00434, 4.04130
0.00434, 4.04130
0.00434, 4.04130
0.00434, 4.04130
0.00434, 4.04130
0.00434, 4.04130
0.00434, 4.04130
0.00434, 4.04130
0.00434, 4.04130
0.00434, 4.04130
0.00434, 4.04130
0.00434, 4.04130
0.00434, 4.04130
0.00434, 4.04130
0.00434, 4.04130
0.00434, 4.04130
0.00434, 4.04130
0.00434, 4.04130
0.00434, 4.04130
0.00434, 4.04130
0.00434, 4.04130
0.00434, 4.04130
0.00434, 4.04130
0.00434, 4.04130
0.00434, 4.04130
0.00434, 4.04130
0.00434, 4.04130
0.00434, 4.04130
0.00434, 4.04130
0.00434, 4.04130
0.00434, 4.04130
0.00434, 4.04130
0.00434, 4.04130
0.00434, 4.04130
0.00434, 4.04130
0.00434, 4.04130
0.00434, 4.04130
0.00434, 4.04130
0.00434, 4.04130
0.00434, 4.04130
0.00434, 4.04130
0.00434, 4.04130
0.00434, 4.04130
0.00434, 4.04130
0.00434, 4.04130
0.00434, 4.04130
0.00434, 4.04130
0.61228, 17.25395
0.61228, 17.25395
0.61228, 17.25395
0.61228, 17.25395
0.61228, 17.25395
0.61228, 17.25395
0.61228, 17.25395
0.61228, 17.25395
0.61228, 17.25395
0.61228, 17.25395
0.61228, 17.25395
0.61228, 17.25395
0.61228, 17.25395
0.61228, 17.25395
0.61228, 17.25395
0.61228, 17.25395
0.61228, 17.25395
0.61228, 17.25395
0.61228, 17.25395
0.61228, 17.25395
0.61228, 17.25395
0.61228, 17.25395
0.61228, 17.25395
0.61228, 17.25395
0.61228, 17.25395
0.61228, 17.25395
0.61228, 17.25395
0.61228, 17.25395
0.61228, 17.25395
0.61228, 17.25395
0.61228, 17.25395
0.61228, 17.25395
0.61228, 17.25395
0.61228, 17.25395
0.61228, 17.25395
0.61228, 17.25395
0.61228, 17.25395
0.61228, 17.25395
0.61228, 17.25395
0.61228, 17.25395
0.61228, 17.25395
0.61228, 17.25395
0.61228, 17.25395
0.61228, 17.25395
0.61228, 17.25395
0.61228, 17.25395
0.61228, 17.25395
0.61228, 17.25395
0.61228, 17.25395
0.61228, 17.25395
0.61228, 17.25395
0.61228, 17.25395
0.61228, 17.25395
0.61228, 17.25395
0.61228, 17.25395
0.61228, 17.25395
0.61228, 17.25395
0.61228, 17.25395
0.61228, 17.25395
0.61228, 17.25395
0.61228, 17.25395
0.61228, 17.25395
0.61228, 17.25395
0.61228, 17.25395
0.61228, 17.25395
0.61228, 17.25395
0.61228, 17.25395
0.61228, 17.25809
0.61228, 17.25809
0.61228, 17.25809
0.61228, 17.25809
0.61228, 17.25809
0.61228, 17.25809
0.61228, 17.25809
0.61228, 17.25809
0.61228, 17.25809
0.61228, 17.25809
0.61228, 17.25809
0.61228, 17.25809
0.61228, 17.25809
0.61228, 17.25809
0.61228, 17.26513
0.67115, 16.98950
0.61228, 15.09515
0.00434, 4.04130
0.61228, 15.94063
0.61228, 11.20399
0.00434, 13.59659
0.61228, 17.25395
0.00434, 13.07698
0.00434, 14.85599
0.00434, 10.09126
0.61228, 9.72210
0.61228, 15.09515
0.00434, 7.79822
0.00434, 12.36174
0.00434, 11.57315
0.13237, 10.50993
0.00434, 11.16802
0.00434, 7.04026
0.00434, 11.57315
0.61228, 8.21827
0.61228, 11.20399
0.44897, 14.42661
0.61228, 15.09515
0.00434, 11.57315
0.61228, 11.03172
0.00434, 4.04130
0.00434, 7.64914
0.59943, 16.51955
0.00434, 7.04026
0.00434, 4.04130
0.84326, 12.49164
0.00434, 8.60655
0.61228, 11.20399
0.00434, 4.04130
0.00434, 13.07698
0.00434, 13.07698
0.00434, 6.20010
0.61228, 12.68870
0.61228, 15.11709
0.18298, 12.91217
0.61228, 15.09515
0.26322, 12.28099
0.00434, 13.93864
0.00434, 14.86012
0.61228, 8.21827
0.61228, 9.72210
0.61228, 12.68870
0.00434, 8.60655
0.00434, 11.50153
0.61228, 15.68246
0.61228, 12.81027
0.61228, 10.29018
0.61228, 11.20399
0.00434, 11.57315
0.00434, 14.86717
0.00434, 7.04026
0.00434, 6.94429
0.61228, 14.25499
0.61228, 14.96619
0.52170, 6.67199
0.05384, 14.73637
0.61228, 15.10144
0.61228, 4.82811
0.00434, 7.24540
0.61228, 17.25395
0.00434, 13.07698
0.00434, 9.63376
0.00434, 16.46714
0.61228, 11.20399
0.61228, 16.14713
0.61228, 17.25395
0.00434, 16.46714
0.00434, 10.09126
0.61228, 15.09515
0.00434, 13.07698
0.00434, 15.01797
0.00434, 7.40197
0.00434, 4.04130
0.61228, 4.82811
0.00434, 7.78445
0.00434, 13.12234
0.00434, 4.04130
0.61228, 11.20399
0.61228, 12.77403
0.89664, 7.38374
0.00434, 14.49824
0.61228, 14.94050
0.61228, 14.25499
0.61228, 16.07204
0.00434, 8.60655
0.61228, 15.93649
0.00434, 10.09126
0.00434, 11.57315
0.61228, 13.77542
0.00434, 6.19409
0.61228, 11.20399
0.00434, 8.60655
0.00434, 4.04130
0.00434, 14.91360
0.61228, 6.36461
0.61228, 8.21827
0.61228, 15.09515
0.00434, 16.46714
0.61228, 12.68870
0.61228, 9.54983
0.61228, 16.99461
0.00434, 4.04130
0.00434, 7.96257
0.00434, 10.26766
0.61228, 12.68870
0.61228, 8.21827
0.43576, 7.50575
0.08262, 15.24823
0.62339, 13.44016
0.00434, 8.60655
0.61228, 14.69069
0.61228, 14.25499
0.61228, 4.82811
0.61228, 6.43926
0.61228, 13.86116
0.00434, 8.47286
0.61228, 11.20399
0.00434, 10.09126
0.00434, 11.57315
0.00434, 11.74955
0.61228, 14.25499
0.61228, 9.72210
0.00434, 5.35876
0.61228, 4.82811
0.00434, 5.35876
0.61228, 13.51493
0.61228, 12.68870
0.61228, 12.68870
0.00434, 7.78445
0.61228, 6.43926
0.61228, 14.57932
0.61228, 15.93649
0.00434, 13.07698
0.00434, 15.31330
0.61228, 9.72210
0.61228, 16.55246
0.61228, 15.09515
0.00434, 9.66023
0.34285, 12.16385
0.00434, 7.22907
0.61228, 13.74753
0.00434, 6.20010
0.61228, 6.43926
0.61228, 9.72210
0.61228, 17.25395
0.61228, 4.82811
0.00434, 13.07698
0.00434, 5.05954
0.61228, 15.09515
0.61228, 10.29362
0.00434, 13.07698
0.00434, 10.09126
0.00434, 14.00966
0.00434, 7.04026
0.00434, 16.46714
0.61228, 9.72210
0.61228, 13.60888
0.00434, 11.44580
0.61228, 16.86068
0.00434, 14.85599
0.61228, 9.72210
0.00434, 11.57315
0.61228, 12.68870
0.00434, 10.09126
0.15175, 12.93041
0.00434, 7.04026
0.00434, 7.04026
0.00434, 9.63993
0.99216, 6.63956
0.61228, 14.25499
0.61228, 4.82811
0.61228, 12.68870
0.00434, 6.20010
0.00434, 4.04130
0.61228, 11.20399
0.61228, 4.82811
0.61228, 16.03859
0.61228, 13.02670
0.00434, 7.04026
0.61228, 4.82811
0.00434, 16.47128
0.00434, 8.60655
0.61228, 15.09515
0.00434, 6.20010
0.00434, 5.35876
0.61228, 15.93649
0.08437, 11.39003
0.61228, 15.89018
0.00434, 7.04026
0.61228, 15.09515
0.61228, 8.55518
0.00434, 10.09126
0.00434, 14.85599
0.61228, 7.59491
0.00434, 16.46714
0.00434, 5.35876
0.00434, 4.04130
0.61228, 14.55493
0.61228, 12.68870
0.61228, 7.95893
0.00434, 10.50388
0.00434, 8.60655
0.61228, 11.03172
0.61228, 13.81987
0.00434, 7.78445
0.00434, 9.26748
0.61228, 7.95893
0.61228, 9.72210
0.61228, 14.35509
0.00434, 8.60655
0.00434, 6.51283
0.00434, 16.46714
0.61228, 6.43926
0.00434, 11.57315
0.61228, 14.25499
0.00434, 14.85599
0.15713, 9.07668
0.75757, 15.34976
0.00434, 10.09126
0.61228, 16.81183
0.00434, 5.50980
0.61228, 6.43926
0.13992, 12.47119
0.00434, 9.37871
0.61228, 15.93649
0.61228, 17.25395
0.61228, 12.68870
0.61228, 17.19100
0.34944, 16.67531
0.61228, 7.95893
0.61228, 12.68870
0.61228, 16.16769
0.61228, 12.68870
0.00434, 4.04130
0.61228, 11.20399
0.00434, 10.09126
0.00434, 11.74955
0.61228, 12.68870
0.00434, 14.85599
0.00434, 11.22987
0.00434, 14.85599
0.61228, 15.09515
0.61228, 11.20399
0.61228, 14.06392
0.67548, 10.01484
0.61228, 11.20399
0.61228, 11.20399
0.61228, 16.51389
divergence_from_baseline:1.31402313099
