
Model: DTLZ_7
Args:
	number of decisions: 40
	number of objectives: 2
Settings: 
{	:candidates 500
 	:era 100
 	:gens 200
 	:lives 1
 	:mutate_prob 0.25
 	:patience 1
 	:retain 0.33
}
 Baseline Population: 
0.04665, 11.34934
0.13515, 13.35033
0.36106, 13.52225
0.11334, 12.11498
0.96496, 12.48885
0.97332, 13.46667
0.27520, 13.03496
0.54157, 13.72633
0.83701, 12.74477
0.60757, 12.87425
0.18198, 12.08072
0.81501, 13.23420
0.79128, 11.66586
0.44757, 12.97295
0.71959, 12.58279
0.03594, 12.31680
0.17379, 12.28299
0.23411, 12.12782
0.00176, 12.36732
0.91711, 11.01647
0.60476, 11.42389
0.66791, 11.69301
0.02815, 12.41854
0.31771, 11.26901
0.58402, 13.25055
0.27352, 11.42953
0.31512, 13.45368
0.70822, 12.80188
0.81487, 10.32676
0.90312, 13.08360
0.36040, 13.73264
0.10207, 13.21738
0.57401, 13.79807
0.73886, 11.38730
0.75784, 13.14062
0.57621, 13.76899
0.57401, 13.14819
0.46220, 12.98113
0.34491, 13.94112
0.40691, 13.22902
0.46836, 13.00292
0.43022, 11.34816
0.91244, 9.99706
0.90362, 12.44286
0.53338, 13.11727
0.99446, 12.60944
0.36016, 14.41136
0.08063, 12.04335
0.97806, 12.76138
0.10697, 11.82217
0.67161, 12.69275
0.62261, 12.87344
0.97259, 12.78922
0.65876, 12.94146
0.45391, 13.18195
0.47636, 13.78587
0.96965, 12.58492
0.54676, 12.92959
0.53598, 12.93110
0.68480, 11.72016
0.08428, 13.85833
0.67273, 12.65118
0.00763, 11.02231
0.72225, 11.36896
0.39759, 13.70911
0.72096, 12.78104
0.87513, 10.68772
0.88734, 11.28508
0.11832, 12.34214
0.03018, 13.77395
0.19019, 13.82745
0.22409, 10.35555
0.59221, 12.85244
0.42288, 13.03598
0.11947, 11.63136
0.47127, 11.36297
0.62115, 13.21542
0.96638, 12.37548
0.26511, 13.49913
0.94475, 11.31519
0.02002, 13.40804
0.06378, 11.03142
0.91232, 11.19565
0.77322, 12.64952
0.60417, 13.23175
0.36848, 11.75330
0.62352, 12.99734
0.56398, 11.76926
0.82114, 10.97136
0.20436, 13.19602
0.51956, 13.41287
0.78046, 11.23941
0.64004, 10.96842
0.28904, 14.25491
0.33183, 13.26840
0.31535, 14.05212
0.03864, 10.56341
0.36596, 13.32800
0.08436, 12.32595
0.72028, 11.69075
0.90949, 9.79546
0.22487, 13.49956
0.98540, 13.06929
0.64672, 13.32375
0.15887, 12.01945
0.48430, 14.47414
0.17363, 13.97205
0.59436, 13.76932
0.77447, 12.54064
0.34458, 10.50344
0.75681, 10.77263
0.44779, 14.32817
0.35786, 11.68541
0.02735, 12.10398
0.79135, 12.71958
0.08117, 12.28972
0.03252, 13.52700
0.37451, 14.10051
0.15346, 11.88535
0.69827, 10.58811
0.73108, 14.24430
0.61520, 13.01658
0.51002, 13.67558
0.83523, 11.54273
0.25214, 11.26907
0.89945, 12.85180
0.11300, 11.61925
0.09571, 13.74980
0.88017, 11.53260
0.48194, 13.23530
0.86669, 11.25521
0.78078, 10.15977
0.26205, 13.49017
0.77152, 10.70855
0.63979, 11.17229
0.52636, 13.31628
0.32925, 12.09213
0.10923, 11.39953
0.06293, 11.89611
0.24538, 11.31508
0.21917, 11.86950
0.44987, 13.50223
0.74854, 11.46388
0.97205, 12.45526
0.88819, 12.56735
0.04677, 11.95737
0.38884, 11.75399
0.91212, 11.26832
0.41067, 11.41441
0.68996, 12.85158
0.48379, 11.66743
0.46654, 12.86768
0.23470, 13.42819
0.42310, 12.89466
0.10813, 12.27622
0.23606, 10.98679
0.66918, 12.64043
0.15105, 12.12572
0.47959, 13.52886
0.28432, 12.11231
0.02457, 13.92363
0.01514, 12.26234
0.82452, 11.33891
0.64683, 13.36756
0.34621, 13.08127
0.00820, 11.74398
0.30285, 10.90506
0.64789, 10.80682
0.06520, 13.67691
0.34232, 11.73832
0.68778, 12.97368
0.15738, 13.51348
0.16208, 11.71702
0.49105, 13.10733
0.13118, 13.47727
0.91054, 12.95743
0.27859, 11.81879
0.53723, 12.92754
0.89468, 10.48958
0.58983, 11.62609
0.50058, 13.23666
0.86228, 11.00111
0.89234, 10.96610
0.53361, 12.89504
0.86232, 10.97913
0.49886, 13.57993
0.77938, 11.27418
0.52297, 13.92560
0.46443, 15.00980
0.61109, 11.51418
0.40091, 13.48896
0.19996, 12.14998
0.53296, 13.38792
0.33347, 11.10793
0.16777, 12.28476
0.89586, 10.71735
0.63975, 14.54624
0.96663, 13.46022
0.27921, 12.08828
0.20560, 11.73526
0.15168, 13.94175
0.50892, 11.33821
0.80898, 11.66284
0.73569, 11.63265
0.73420, 10.94437
0.99967, 13.24484
0.09815, 12.22893
0.45734, 13.97895
0.04621, 12.42736
0.30709, 11.94790
0.80547, 10.79616
0.08092, 12.15078
0.46174, 13.32398
0.08958, 13.48241
0.38256, 13.07274
0.21132, 13.80203
0.82500, 11.42145
0.14803, 12.24744
0.24384, 11.51248
0.09058, 13.56789
0.74218, 11.50824
0.42725, 12.95037
0.89363, 12.47549
0.55401, 11.38732
0.74243, 11.29758
0.19191, 12.01493
0.74938, 11.71270
0.26858, 12.15836
0.61283, 13.40950
0.26060, 13.66375
0.14887, 11.34889
0.24753, 13.61032
0.74731, 13.16244
0.27874, 11.51947
0.34605, 11.04512
0.44489, 13.72303
0.01066, 12.37370
0.24902, 11.76217
0.54800, 13.03805
0.61578, 13.00809
0.72038, 12.73820
0.80405, 11.43781
0.67536, 13.64673
0.47484, 14.18378
0.91652, 13.01436
0.23985, 11.78099
0.83478, 12.76414
0.38684, 13.98721
0.72814, 11.35864
0.91096, 12.77005
0.54425, 14.17995
0.15482, 12.26529
0.16362, 11.86777
0.71740, 11.68436
0.59989, 13.44967
0.11333, 12.26705
0.52423, 13.08595
0.73488, 13.04968
0.12387, 14.40744
0.35218, 11.54459
0.17356, 13.65542
0.66333, 11.44782
0.74601, 11.63884
0.16686, 12.16359
0.58863, 13.45478
0.69483, 12.97747
0.02894, 12.37061
0.29773, 13.05735
0.43617, 11.99173
0.24869, 11.99502
0.87786, 10.93126
0.14334, 13.98012
0.72571, 11.66240
0.99027, 11.32514
0.91278, 11.16451
0.44229, 12.93194
0.81056, 11.18245
0.32556, 11.54015
0.43926, 13.07490
0.60021, 14.47100
0.62536, 13.62311
0.94089, 12.71249
0.87823, 10.88868
0.99976, 12.49310
0.07529, 13.53263
0.97066, 12.57856
0.07779, 13.97219
0.74485, 11.56750
0.60328, 13.57941
0.54644, 11.80811
0.32292, 11.96819
0.16385, 11.00124
0.94194, 11.49364
0.29808, 12.05394
0.19975, 13.16168
0.94752, 12.90724
0.51974, 14.04291
0.22502, 13.24813
0.44479, 13.24337
0.39318, 12.03647
0.04425, 13.48203
0.05002, 14.59474
0.39430, 13.57756
0.24343, 10.80081
0.67277, 13.96420
0.70239, 11.61435
0.34825, 12.98362
0.93054, 11.29398
0.70392, 11.69291
0.06392, 11.74552
0.87171, 11.18558
0.05421, 11.15084
0.86970, 11.46898
0.72098, 11.75566
0.75358, 13.13740
0.33843, 11.94376
0.12798, 13.27749
0.60150, 13.20646
0.39013, 13.31345
0.77919, 9.48174
0.17326, 12.25550
0.92470, 11.45192
0.32005, 13.39944
0.12882, 12.11224
0.57557, 13.57849
0.39708, 13.06830
0.23780, 10.71873
0.06885, 14.19606
0.35051, 13.66783
0.72160, 11.27408
0.56439, 13.01511
0.74233, 12.56896
0.66639, 13.17033
0.10187, 13.49847
0.76668, 11.05850
0.96387, 12.50559
0.06190, 11.98304
0.33330, 11.90550
0.16499, 11.92072
0.47545, 13.16426
0.89583, 11.30784
0.68060, 13.00393
0.56130, 11.58792
0.64545, 11.66074
0.09852, 11.76178
0.09159, 14.93702
0.58047, 13.21866
0.07690, 12.26803
0.47160, 13.69738
0.76968, 12.56003
0.95298, 12.84640
0.09108, 11.48277
0.34429, 13.43753
0.23941, 12.06756
0.88343, 11.01243
0.60745, 11.85694
0.02724, 12.34061
0.84538, 11.58352
0.90646, 10.90722
0.74041, 10.92773
0.89018, 11.29676
0.94031, 11.42142
0.43692, 12.88498
0.47683, 13.34055
0.70427, 11.46424
0.15981, 12.01357
0.96475, 11.31338
0.43602, 14.41188
0.83475, 11.43211
0.28480, 12.11100
0.17949, 13.55528
0.52161, 13.86394
0.52703, 13.19370
0.08793, 11.73583
0.59634, 13.25735
0.93215, 10.94154
0.24006, 11.48353
0.11176, 11.09762
0.52321, 13.15852
0.16118, 12.05771
0.31996, 11.95731
0.62153, 13.32596
0.37238, 13.23186
0.17380, 11.94727
0.64617, 11.60618
0.24027, 13.38717
0.74093, 12.75240
0.95697, 10.64428
0.70607, 10.40073
0.92051, 13.02301
0.82220, 13.18441
0.10795, 11.90836
0.05520, 13.26120
0.39052, 11.90151
0.85416, 10.98501
0.87893, 12.85252
0.43459, 13.40424
0.16512, 11.60025
0.44898, 13.41232
0.12557, 14.11881
0.81012, 12.54673
0.66412, 12.90450
0.87504, 9.60488
0.69401, 13.06567
0.23373, 13.27620
0.49509, 13.37061
0.95633, 12.56958
0.83514, 10.55910
0.61552, 12.83009
0.31945, 11.83111
0.73966, 11.20121
0.55803, 14.20053
0.94910, 12.74544
0.67878, 12.67991
0.14251, 12.27071
0.92623, 13.14063
0.33812, 13.08452
0.26406, 12.02250
0.27345, 13.13064
0.20883, 12.21126
0.51254, 13.69838
0.19285, 13.39728
0.60752, 13.85611
0.19222, 13.46831
0.84184, 10.37619
0.49227, 11.85252
0.87356, 12.82295
0.39260, 11.43498
0.46991, 14.29685
0.29476, 11.84814
0.80453, 10.53026
0.72364, 11.10551
0.14897, 12.00365
0.74608, 11.18514
0.35649, 11.41556
0.29316, 11.75035
0.15778, 11.91694
0.28162, 13.24841
0.10742, 12.17717
0.94708, 11.25868
0.72924, 12.59017
0.95038, 11.32144
0.80546, 11.40230
0.25961, 13.12765
0.96721, 11.49999
0.13190, 13.65832
0.07722, 13.25336
0.13519, 14.04052
0.09207, 12.20208
0.11412, 11.97719
0.89233, 11.56395
0.03175, 11.42103
0.87928, 11.49900
0.48819, 13.91384
0.78148, 11.03007
0.39684, 13.41399
0.07662, 12.18319
0.64512, 12.96833
0.06998, 11.90626
0.07288, 12.16249
0.53726, 11.79693
0.32503, 11.49902
0.70687, 13.32471
0.77767, 10.52176
0.48341, 12.83020
0.50063, 13.53487
0.28058, 13.20088
0.97403, 11.22714
0.23447, 11.51574
0.84446, 11.40270
0.25324, 13.10997
0.10257, 13.45018
0.89488, 10.82850
0.00513, 12.13567
0.72061, 12.67859
0.58105, 11.28630
0.52462, 11.48411
0.04060, 12.10407
0.87149, 13.06921
0.95594, 11.32560
0.31146, 11.67780
0.41927, 13.45039
0.42026, 13.15226
0.30563, 13.60547
0.49461, 12.80904
0.91412, 10.66552
0.09864, 13.87347
0.83488, 11.46470
0.47121, 13.11724
0.04303, 11.91370
0.42338, 13.74935
0.46630, 13.18187
0.01779, 11.14685
0.39347, 13.43661
0.03288, 13.96930
0.44615, 13.67071
0.28481, 14.00403
0.03418, 11.96942
0.91655, 11.49662
0.05360, 12.41141

 Final Population: 
0.85784, 4.01112
0.85784, 4.01112
0.85784, 4.01112
0.85784, 4.01112
0.85784, 4.01112
0.85784, 4.01112
0.85784, 4.01112
0.85784, 4.01112
0.85784, 4.01112
0.85784, 4.01112
0.85784, 4.01112
0.85784, 4.01112
0.85784, 4.01112
0.85784, 4.01112
0.85784, 4.01112
0.85784, 4.01112
0.85784, 4.01112
0.85784, 4.01112
0.85784, 4.01112
0.85784, 4.01112
0.85784, 4.01112
0.85784, 4.01112
0.85784, 4.01112
0.85784, 4.01112
0.85784, 4.01112
0.85784, 4.01112
0.85784, 4.01112
0.85784, 4.01112
0.85784, 4.01112
0.85784, 4.01112
0.85784, 4.01112
0.85784, 4.01112
0.85784, 4.01112
0.85784, 4.01112
0.85784, 4.01112
0.85784, 4.01112
0.85784, 4.01112
0.85784, 4.01112
0.85784, 4.01112
0.85784, 4.01112
0.85784, 4.01112
0.85784, 4.01112
0.85784, 4.01112
0.85784, 4.01112
0.85784, 4.01112
0.85784, 4.01112
0.85784, 4.01112
0.85784, 4.01112
0.85784, 4.01112
0.85784, 4.01112
0.85784, 4.01112
0.85784, 4.01112
0.85784, 4.01112
0.85784, 4.01112
0.85784, 4.01112
0.85784, 4.01112
0.85784, 4.01112
0.85784, 4.01112
0.85784, 4.01112
0.85784, 4.01112
0.85784, 4.01112
0.85784, 4.01112
0.85784, 4.01112
0.85784, 4.01112
0.85784, 4.01112
0.85784, 4.01112
0.85784, 4.01112
0.85784, 4.01112
0.85784, 4.01112
0.85784, 4.01112
0.85784, 4.01112
0.85784, 4.01112
0.85784, 4.01112
0.85784, 4.01112
0.85784, 4.01112
0.85784, 4.01112
0.85784, 4.01112
0.85784, 4.01112
0.85784, 4.01112
0.85784, 4.01112
0.85784, 4.01112
0.85784, 4.01112
0.85784, 4.01112
0.85784, 4.01112
0.85784, 4.01112
0.85784, 4.01112
0.85784, 4.01112
0.85784, 4.01112
0.85784, 4.01112
0.85784, 4.01112
0.85784, 4.01112
0.85784, 4.01112
0.85784, 4.01112
0.85784, 4.01112
0.85784, 4.01112
0.85784, 4.01112
0.85784, 4.01112
0.85784, 4.01112
0.85784, 4.01112
0.85784, 4.01112
0.85784, 4.01112
0.85784, 4.01112
0.85784, 4.01112
0.85784, 4.01112
0.85784, 4.01112
0.85784, 4.01112
0.85784, 4.01112
0.85784, 4.01112
0.85784, 4.01112
0.85784, 4.01112
0.85784, 4.01112
0.85784, 4.01112
0.85784, 4.01112
0.85784, 4.01112
0.85784, 4.01112
0.85784, 4.01112
0.85784, 4.01112
0.85784, 4.01112
0.85784, 4.01112
0.85784, 4.01112
0.85784, 4.01112
0.85784, 4.01112
0.85784, 4.01112
0.85784, 4.01112
0.85784, 4.01112
0.85784, 4.01112
0.85784, 4.01112
0.85784, 4.01112
0.85784, 4.01112
0.85784, 4.01112
0.85784, 4.01112
0.85784, 4.01112
0.85784, 4.01112
0.85784, 4.01112
0.85784, 4.01112
0.85784, 4.01112
0.85784, 4.01112
0.85784, 4.01112
0.85784, 4.01112
0.85784, 4.01112
0.85784, 4.01112
0.85784, 4.01112
0.85784, 4.01112
0.85784, 4.01112
0.85784, 4.01112
0.85784, 4.01112
0.85784, 4.01112
0.85784, 4.01112
0.85784, 4.01112
0.85784, 4.01112
0.85784, 4.01112
0.85784, 4.01112
0.85784, 4.01112
0.85784, 4.01112
0.85784, 4.01112
0.85784, 4.01112
0.85784, 4.01112
0.85784, 4.01112
0.85784, 4.01112
0.85784, 4.01112
0.85784, 4.01112
0.85784, 4.01112
0.85784, 4.01112
0.85784, 4.01112
0.85784, 4.01112
0.46443, 14.99617
0.46443, 14.99617
0.46443, 14.99617
0.46443, 14.99617
0.46443, 14.99617
0.46443, 14.99617
0.46443, 14.99617
0.46443, 14.99617
0.46443, 14.99617
0.46443, 14.99617
0.46443, 14.99617
0.46443, 14.99617
0.46443, 14.99617
0.46443, 14.99617
0.46443, 14.99617
0.46443, 14.99617
0.46443, 14.99617
0.46443, 14.99617
0.46443, 14.99617
0.46443, 14.99617
0.46443, 14.99617
0.46443, 14.99617
0.46443, 14.99617
0.46443, 14.99617
0.46443, 14.99617
0.46443, 14.99617
0.46443, 14.99617
0.46443, 14.99710
0.96727, 14.49453
0.46443, 15.00009
0.46443, 15.00009
0.46443, 15.00009
0.46443, 15.00009
0.46443, 15.00009
0.46443, 15.00009
0.46443, 15.00009
0.46443, 15.00009
0.46443, 15.00009
0.46443, 15.00009
0.46443, 15.00009
0.46443, 15.00009
0.46443, 15.00009
0.46443, 15.00009
0.46443, 15.00009
0.46443, 15.00009
0.46443, 15.00009
0.46443, 15.00009
0.46443, 15.00009
0.46443, 15.00009
0.46443, 15.00009
0.46443, 15.00009
0.46443, 15.00009
0.46443, 15.00009
0.46443, 15.00009
0.46443, 15.00009
0.46443, 15.00009
0.46443, 15.00009
0.46443, 15.00009
0.46443, 15.00009
0.46443, 15.00009
0.46443, 15.00009
0.46443, 15.00009
0.46443, 15.00009
0.46443, 15.00009
0.46443, 15.00009
0.46443, 15.00009
0.46443, 15.00009
0.46443, 15.00009
0.46443, 15.00009
0.46443, 15.00009
0.46443, 15.00009
0.46443, 15.00009
0.46443, 15.00009
0.46443, 15.00670
0.46443, 15.00670
0.46443, 15.00670
0.46443, 15.00670
0.46443, 15.00670
0.46443, 15.00670
0.46443, 15.00670
0.46443, 15.00739
0.46443, 15.00980
0.85784, 9.28759
0.46443, 7.87283
0.85784, 5.83150
0.46443, 14.99617
0.46443, 11.75692
0.85784, 7.57056
0.08020, 12.85761
0.46443, 9.41454
0.46443, 9.97898
0.46443, 13.53521
0.85784, 13.51008
0.46443, 12.14545
0.46443, 14.57861
0.85784, 4.66065
0.46443, 14.99617
0.85784, 13.50616
0.46443, 6.55074
0.85784, 12.49615
0.72792, 8.16681
0.85784, 6.33386
0.85784, 8.16956
0.85784, 13.20777
0.85784, 6.79418
0.46443, 6.19625
0.85784, 8.91773
0.63570, 9.28661
0.46443, 14.34663
0.46443, 9.71969
0.46443, 10.23262
0.46443, 12.21311
0.46443, 6.19625
0.46443, 14.00177
0.46443, 12.67735
0.85784, 13.20385
0.85784, 12.49615
0.85784, 11.07118
0.46443, 14.43530
0.85784, 8.68488
0.46443, 11.44064
0.85784, 11.33719
0.46443, 6.19625
0.46443, 8.47043
0.46443, 10.23999
0.46443, 5.80343
0.85784, 4.01112
0.85784, 7.22941
0.46443, 11.83384
0.46443, 14.02196
0.85784, 7.17736
0.46443, 13.59887
0.46443, 14.66406
0.85784, 6.74965
0.85784, 11.07118
0.19216, 8.62680
0.85784, 7.18175
0.85784, 8.57729
0.46443, 7.54320
0.01003, 10.42343
0.85784, 9.12470
0.85784, 6.28490
0.85784, 5.94764
0.85784, 10.32882
0.46443, 14.35055
0.46443, 14.99617
0.85784, 6.84219
0.46443, 13.59887
0.46443, 11.00131
0.46443, 9.42087
0.28794, 9.03489
0.46443, 7.86891
0.85784, 9.99672
0.85784, 8.57729
0.46443, 14.99617
0.85784, 5.83150
0.46443, 6.19625
0.58375, 14.18274
0.85784, 7.74220
0.46443, 14.40839
0.46443, 13.06357
0.46443, 10.13863
0.46443, 9.73023
0.46443, 12.67342
0.85784, 8.91773
0.85784, 4.01112
0.46443, 9.41454
0.46443, 8.44652
0.46443, 7.68745
0.85784, 5.41234
0.85784, 5.94764
0.46443, 14.99617
0.46443, 8.45610
0.85784, 9.99672
0.46443, 14.66798
0.85784, 10.83628
0.46443, 10.23999
0.85784, 6.72223
0.85784, 10.23929
0.85784, 12.81496
0.85784, 6.47845
0.46443, 6.19625
0.46443, 13.05965
0.46443, 6.55074
0.46443, 11.00131
0.85784, 6.34488
0.46443, 11.20173
0.46443, 14.99617
0.58703, 8.65671
0.46443, 7.54320
0.46443, 10.00165
0.85784, 13.39530
0.85784, 8.76729
0.46443, 9.88259
0.46443, 8.36236
0.85784, 12.06857
0.46443, 11.69505
0.46443, 8.73717
0.46443, 7.34482
0.85784, 4.01112
0.46443, 8.29035
0.85784, 10.09313
0.85784, 9.59275
0.50382, 14.57661
0.46443, 10.23999
0.46443, 7.34482
0.96235, 13.61503
0.46443, 14.99617
0.46443, 5.50113
0.85784, 4.59075
0.46443, 11.83384
0.46443, 14.42894
0.46443, 9.72361
0.85784, 8.91773
0.85784, 12.06857
0.46443, 8.73717
0.85784, 8.91773
0.85784, 12.07910
0.85784, 9.34427
0.46443, 10.23999
0.85784, 8.57729
0.85784, 6.73919
0.46443, 6.51114
0.85784, 11.67692
0.85784, 8.16956
0.85784, 5.41234
0.85784, 10.71694
0.46443, 6.19625
0.46443, 12.28505
0.46443, 7.26739
0.46443, 14.00177
0.85784, 5.88194
0.46443, 8.91808
0.85784, 13.51008
0.85784, 11.53232
0.46443, 9.71730
0.46443, 10.43000
0.46443, 9.41454
0.46443, 14.51323
0.85784, 12.45654
0.46443, 10.43000
0.46443, 8.68239
0.46443, 13.06357
0.85784, 10.83628
0.46443, 10.08955
0.85784, 11.66639
0.85784, 9.00587
0.46443, 14.34663
0.46443, 7.97407
0.46443, 13.05965
0.85784, 11.07118
0.85784, 6.79418
0.46443, 13.17578
0.46443, 8.34452
0.85784, 5.94764
0.85784, 4.66065
0.85784, 7.57056
0.85784, 11.32376
0.26525, 14.06848
0.46443, 14.68148
0.46443, 7.34090
0.46443, 14.99617
0.85784, 4.66065
0.85784, 8.00989
0.85784, 6.79418
0.46443, 13.07018
0.46443, 9.01449
0.85784, 6.72223
0.85784, 4.66065
0.85784, 8.76729
0.46443, 13.87525
0.46443, 12.28897
0.85784, 13.44164
0.85784, 9.22374
0.46443, 7.34482
0.46443, 7.35786
0.46443, 11.22042
0.46443, 14.99617
0.85784, 12.45654
0.85784, 8.70440
0.46443, 5.50113
0.46443, 9.41846
0.46443, 9.88651
0.46443, 8.17496
0.85784, 5.94764
0.46443, 8.17493
0.46443, 8.68239
0.85784, 12.46597
0.46443, 13.17578
0.85784, 6.33386
0.46443, 10.43000
0.46443, 14.66406
0.96727, 9.16511
0.85784, 8.07448
0.85784, 12.06857
0.85784, 11.13837
0.85784, 10.22023
0.46443, 10.43000
0.46443, 14.26456
0.46443, 7.34482
0.96727, 14.32289
0.85784, 8.91773
0.85784, 9.28759
0.85784, 11.10850
0.85784, 4.66065
0.46443, 12.21311
0.46443, 10.08955
0.46443, 8.91416
0.85784, 5.83150
0.46443, 13.92940
0.85784, 11.07118
0.85784, 8.69469
0.46443, 13.44559
0.85784, 4.34323
0.46443, 10.84165
0.46443, 6.93871
0.85784, 9.12470
0.85784, 8.16956
0.46443, 7.54712
0.85784, 11.46409
0.85784, 10.32882
0.85784, 12.81104
0.46443, 14.12253
0.46443, 14.00569
0.85784, 5.00552
0.46443, 5.80343
0.85784, 10.09313
0.85784, 4.59075
0.46443, 10.43392
0.46443, 14.42707
0.46443, 9.72361
0.46443, 6.94295
0.46443, 15.00009
0.46443, 12.67735
0.46443, 11.64844
divergence_from_baseline:2.36317104143
