
Model: DTLZ_1
Args:
	number of decisions: 10
	number of objectives: 6Settings: 
{	:better <function lt at 0x109a0a1b8>
 	:candidates 500
 	:era 100
 	:gens 500
 	:lives 3
 	:mutate_prob 0.25
 	:patience 3
 	:retain 0.33
}
Baseline Population: 
4.58709, 128.93151, 128.93151, 128.93151, 128.93151, 416.33268
34.90970, 31.96773, 31.96773, 31.96773, 31.96773, 79.75983
0.49510, 32.11476, 32.11476, 32.11476, 32.11476, 568.12223
42.49520, 58.39523, 58.39523, 58.39523, 58.39523, 92.26984
2.04974, 152.18020, 152.18020, 152.18020, 152.18020, 407.95852
10.22935, 452.73140, 452.73140, 452.73140, 452.73140, 123.05692
0.00108, 243.77538, 243.77538, 243.77538, 243.77538, 373.16003
16.83470, 471.80455, 471.80455, 471.80455, 471.80455, 77.62283
33.03616, 74.92318, 74.92318, 74.92318, 74.92318, 197.44889
0.86861, 81.46672, 81.46672, 81.46672, 81.46672, 286.25227
1.92105, 76.51670, 76.51670, 76.51670, 76.51670, 204.16733
23.04331, 47.90380, 47.90380, 47.90380, 47.90380, 46.82553
8.20418, 202.09259, 202.09259, 202.09259, 202.09259, 359.04766
5.97757, 266.87911, 266.87911, 266.87911, 266.87911, 31.40934
36.54881, 307.51205, 307.51205, 307.51205, 307.51205, 230.68151
11.19793, 473.00686, 473.00686, 473.00686, 473.00686, 108.84604
0.53293, 378.23585, 378.23585, 378.23585, 378.23585, 167.06673
57.64183, 45.57165, 45.57165, 45.57165, 45.57165, 48.13103
1.15709, 69.30342, 69.30342, 69.30342, 69.30342, 273.38948
41.45543, 156.43855, 156.43855, 156.43855, 156.43855, 36.06542
1.23698, 153.49149, 153.49149, 153.49149, 153.49149, 47.59467
8.67175, 66.38048, 66.38048, 66.38048, 66.38048, 222.53184
3.00503, 517.66179, 517.66179, 517.66179, 517.66179, 104.12025
44.20907, 183.16883, 183.16883, 183.16883, 183.16883, 135.36344
6.62283, 88.72152, 88.72152, 88.72152, 88.72152, 221.04597
4.16138, 246.12600, 246.12600, 246.12600, 246.12600, 60.07335
44.92672, 162.28859, 162.28859, 162.28859, 162.28859, 60.90033
0.61612, 107.67350, 107.67350, 107.67350, 107.67350, 1.84367
3.06925, 113.57936, 113.57936, 113.57936, 113.57936, 135.86647
1.63810, 38.98839, 38.98839, 38.98839, 38.98839, 312.99922
183.05174, 2.71567, 2.71567, 2.71567, 2.71567, 164.36316
0.26780, 86.60691, 86.60691, 86.60691, 86.60691, 508.57406
0.01284, 178.16595, 178.16595, 178.16595, 178.16595, 368.71805
3.43838, 87.02055, 87.02055, 87.02055, 87.02055, 139.33887
0.78873, 44.23694, 44.23694, 44.23694, 44.23694, 552.76174
9.70037, 127.99416, 127.99416, 127.99416, 127.99416, 37.61116
66.66235, 25.87108, 25.87108, 25.87108, 25.87108, 31.37856
8.62818, 1.80303, 1.80303, 1.80303, 1.80303, 130.79536
5.93696, 83.06413, 83.06413, 83.06413, 83.06413, 223.56115
38.24174, 15.60511, 15.60511, 15.60511, 15.60511, 183.28173
2.94437, 15.06471, 15.06471, 15.06471, 15.06471, 820.30265
12.02696, 294.33368, 294.33368, 294.33368, 294.33368, 59.48670
12.45853, 4.86740, 4.86740, 4.86740, 4.86740, 235.49167
28.84586, 45.46563, 45.46563, 45.46563, 45.46563, 554.96471
57.63550, 122.93765, 122.93765, 122.93765, 122.93765, 224.21954
4.09512, 93.86450, 93.86450, 93.86450, 93.86450, 205.74406
7.20311, 410.75094, 410.75094, 410.75094, 410.75094, 190.20152
9.20172, 214.04106, 214.04106, 214.04106, 214.04106, 135.07352
0.13726, 206.64878, 206.64878, 206.64878, 206.64878, 92.81193
79.09712, 108.40865, 108.40865, 108.40865, 108.40865, 46.23231
9.18005, 67.90331, 67.90331, 67.90331, 67.90331, 482.00927
0.06433, 19.60253, 19.60253, 19.60253, 19.60253, 322.19186
0.39343, 66.62524, 66.62524, 66.62524, 66.62524, 556.86910
20.27206, 24.81773, 24.81773, 24.81773, 24.81773, 243.23623
1.24889, 62.83388, 62.83388, 62.83388, 62.83388, 301.62142
10.32253, 254.37272, 254.37272, 254.37272, 254.37272, 285.29952
51.68130, 76.24135, 76.24135, 76.24135, 76.24135, 119.36412
4.64448, 311.99324, 311.99324, 311.99324, 311.99324, 44.59922
85.50445, 52.75448, 52.75448, 52.75448, 52.75448, 53.26047
15.53899, 178.77780, 178.77780, 178.77780, 178.77780, 44.54670
3.79285, 87.95865, 87.95865, 87.95865, 87.95865, 242.39467
40.06815, 107.92215, 107.92215, 107.92215, 107.92215, 88.74273
1.09941, 29.26810, 29.26810, 29.26810, 29.26810, 51.40403
1.08526, 3.36723, 3.36723, 3.36723, 3.36723, 572.86183
9.72413, 268.24801, 268.24801, 268.24801, 268.24801, 77.63404
0.81143, 48.13047, 48.13047, 48.13047, 48.13047, 316.21863
22.50519, 191.39729, 191.39729, 191.39729, 191.39729, 75.18610
0.60296, 475.20910, 475.20910, 475.20910, 475.20910, 66.75548
11.70250, 134.51636, 134.51636, 134.51636, 134.51636, 162.11499
8.37062, 17.21188, 17.21188, 17.21188, 17.21188, 239.01404
42.35841, 85.50514, 85.50514, 85.50514, 85.50514, 200.32616
0.00585, 6.52698, 6.52698, 6.52698, 6.52698, 673.40391
26.10475, 71.82571, 71.82571, 71.82571, 71.82571, 192.48507
0.42871, 39.44895, 39.44895, 39.44895, 39.44895, 582.63494
4.83193, 135.97772, 135.97772, 135.97772, 135.97772, 197.07835
5.31846, 87.08085, 87.08085, 87.08085, 87.08085, 286.05350
3.31012, 10.00529, 10.00529, 10.00529, 10.00529, 652.67280
0.03155, 251.75019, 251.75019, 251.75019, 251.75019, 30.97202
20.52120, 166.80528, 166.80528, 166.80528, 166.80528, 111.63084
50.59209, 222.01549, 222.01549, 222.01549, 222.01549, 87.68860
6.19471, 24.63651, 24.63651, 24.63651, 24.63651, 65.94009
22.48633, 0.47729, 0.47729, 0.47729, 0.47729, 181.49018
113.85285, 153.07448, 153.07448, 153.07448, 153.07448, 48.73348
0.12970, 79.64334, 79.64334, 79.64334, 79.64334, 198.11108
1.84044, 54.27525, 54.27525, 54.27525, 54.27525, 133.20951
6.65825, 247.71906, 247.71906, 247.71906, 247.71906, 112.94041
2.48752, 44.70935, 44.70935, 44.70935, 44.70935, 574.82665
44.77160, 10.57695, 10.57695, 10.57695, 10.57695, 165.10177
15.95632, 100.35532, 100.35532, 100.35532, 100.35532, 194.30129
19.57021, 76.82654, 76.82654, 76.82654, 76.82654, 283.42486
5.07789, 34.06091, 34.06091, 34.06091, 34.06091, 184.29287
87.84242, 202.37542, 202.37542, 202.37542, 202.37542, 0.28974
3.22990, 59.02650, 59.02650, 59.02650, 59.02650, 61.50138
2.43607, 59.96527, 59.96527, 59.96527, 59.96527, 145.97626
0.90368, 57.82423, 57.82423, 57.82423, 57.82423, 246.20309
52.96381, 218.47287, 218.47287, 218.47287, 218.47287, 20.42980
0.00757, 5.04579, 5.04579, 5.04579, 5.04579, 643.24469
0.51224, 73.92006, 73.92006, 73.92006, 73.92006, 296.64112
0.00329, 10.91279, 10.91279, 10.91279, 10.91279, 595.40921
3.86804, 18.94397, 18.94397, 18.94397, 18.94397, 355.44119
10.99706, 285.90225, 285.90225, 285.90225, 285.90225, 325.43748
19.79828, 73.22845, 73.22845, 73.22845, 73.22845, 55.17044
15.23975, 99.35899, 99.35899, 99.35899, 99.35899, 157.24364
97.23892, 7.62499, 7.62499, 7.62499, 7.62499, 297.95167
16.55789, 321.88357, 321.88357, 321.88357, 321.88357, 249.90617
6.60939, 6.09911, 6.09911, 6.09911, 6.09911, 313.02585
66.43819, 89.95586, 89.95586, 89.95586, 89.95586, 164.43754
33.80103, 70.48220, 70.48220, 70.48220, 70.48220, 226.80689
0.92105, 190.46084, 190.46084, 190.46084, 190.46084, 132.98069
0.44316, 117.02979, 117.02979, 117.02979, 117.02979, 2.39069
0.54597, 196.42487, 196.42487, 196.42487, 196.42487, 83.93853
35.31751, 246.31402, 246.31402, 246.31402, 246.31402, 66.98150
0.09268, 190.48467, 190.48467, 190.48467, 190.48467, 386.65864
204.27765, 35.04121, 35.04121, 35.04121, 35.04121, 97.83026
20.37527, 640.75665, 640.75665, 640.75665, 640.75665, 30.60127
8.47255, 64.32807, 64.32807, 64.32807, 64.32807, 242.93721
0.81419, 16.70518, 16.70518, 16.70518, 16.70518, 231.29821
27.94610, 2.54726, 2.54726, 2.54726, 2.54726, 165.28005
6.56856, 1.81175, 1.81175, 1.81175, 1.81175, 319.34808
2.50406, 75.06139, 75.06139, 75.06139, 75.06139, 549.65125
161.38629, 15.69702, 15.69702, 15.69702, 15.69702, 197.80040
16.03203, 32.00633, 32.00633, 32.00633, 32.00633, 565.47502
20.65795, 68.37513, 68.37513, 68.37513, 68.37513, 181.65953
133.54147, 38.03032, 38.03032, 38.03032, 38.03032, 21.45372
2.35777, 1.79358, 1.79358, 1.79358, 1.79358, 202.62247
4.93543, 73.40168, 73.40168, 73.40168, 73.40168, 221.11776
0.83865, 458.99225, 458.99225, 458.99225, 458.99225, 168.47527
6.16002, 13.59191, 13.59191, 13.59191, 13.59191, 204.76747
1.44422, 27.84111, 27.84111, 27.84111, 27.84111, 187.81435
28.03092, 39.28831, 39.28831, 39.28831, 39.28831, 304.01161
0.56396, 62.25367, 62.25367, 62.25367, 62.25367, 162.43394
3.82752, 223.51447, 223.51447, 223.51447, 223.51447, 18.00118
21.07668, 74.57432, 74.57432, 74.57432, 74.57432, 73.24022
78.79904, 38.37425, 38.37425, 38.37425, 38.37425, 86.85592
0.00172, 131.42808, 131.42808, 131.42808, 131.42808, 456.84225
2.87465, 364.56604, 364.56604, 364.56604, 364.56604, 254.13327
5.37308, 138.59590, 138.59590, 138.59590, 138.59590, 34.10596
0.87687, 212.03976, 212.03976, 212.03976, 212.03976, 338.83807
14.26142, 26.96673, 26.96673, 26.96673, 26.96673, 287.32223
2.55366, 76.53788, 76.53788, 76.53788, 76.53788, 517.03172
83.23157, 116.38152, 116.38152, 116.38152, 116.38152, 111.06245
1.44359, 139.21428, 139.21428, 139.21428, 139.21428, 73.29064
14.50442, 559.46010, 559.46010, 559.46010, 559.46010, 86.11913
1.93011, 13.16938, 13.16938, 13.16938, 13.16938, 668.23119
12.70604, 21.89239, 21.89239, 21.89239, 21.89239, 274.04521
24.23605, 9.76484, 9.76484, 9.76484, 9.76484, 615.64582
3.19974, 86.67127, 86.67127, 86.67127, 86.67127, 486.66324
0.14744, 12.31065, 12.31065, 12.31065, 12.31065, 550.21207
5.39547, 0.11388, 0.11388, 0.11388, 0.11388, 229.78582
0.57623, 45.24784, 45.24784, 45.24784, 45.24784, 564.53805
47.96377, 120.05854, 120.05854, 120.05854, 120.05854, 234.57579
20.87649, 99.26184, 99.26184, 99.26184, 99.26184, 6.38748
15.57302, 206.39449, 206.39449, 206.39449, 206.39449, 111.85105
15.55542, 177.37839, 177.37839, 177.37839, 177.37839, 492.21863
0.00923, 205.09966, 205.09966, 205.09966, 205.09966, 113.58950
5.63415, 20.98042, 20.98042, 20.98042, 20.98042, 319.90537
0.20084, 61.08058, 61.08058, 61.08058, 61.08058, 111.25129
28.58812, 33.94397, 33.94397, 33.94397, 33.94397, 254.65241
0.56542, 36.39333, 36.39333, 36.39333, 36.39333, 162.52885
12.40051, 96.60203, 96.60203, 96.60203, 96.60203, 143.45644
0.02956, 90.81069, 90.81069, 90.81069, 90.81069, 181.35287
1.90379, 21.65807, 21.65807, 21.65807, 21.65807, 304.56402
2.61796, 556.48244, 556.48244, 556.48244, 556.48244, 46.47629
63.72005, 141.27371, 141.27371, 141.27371, 141.27371, 55.84606
1.56371, 116.43308, 116.43308, 116.43308, 116.43308, 454.63874
6.68055, 123.58735, 123.58735, 123.58735, 123.58735, 172.32006
1.01547, 151.48703, 151.48703, 151.48703, 151.48703, 416.65144
21.28362, 48.86871, 48.86871, 48.86871, 48.86871, 49.08014
5.74160, 68.83568, 68.83568, 68.83568, 68.83568, 194.85220
1.22172, 209.56525, 209.56525, 209.56525, 209.56525, 69.57335
1.74940, 83.51802, 83.51802, 83.51802, 83.51802, 624.46967
72.40946, 14.09000, 14.09000, 14.09000, 14.09000, 247.34175
3.13877, 109.37365, 109.37365, 109.37365, 109.37365, 162.98660
9.30209, 158.25755, 158.25755, 158.25755, 158.25755, 111.67164
26.18350, 442.00820, 442.00820, 442.00820, 442.00820, 95.77549
12.85565, 250.31647, 250.31647, 250.31647, 250.31647, 0.48009
10.13734, 94.65278, 94.65278, 94.65278, 94.65278, 127.49052
0.46794, 96.23108, 96.23108, 96.23108, 96.23108, 270.36238
1.33932, 178.91234, 178.91234, 178.91234, 178.91234, 501.60258
1.11509, 209.82000, 209.82000, 209.82000, 209.82000, 443.75465
54.88976, 22.93119, 22.93119, 22.93119, 22.93119, 245.00576
5.65794, 17.02956, 17.02956, 17.02956, 17.02956, 581.48179
6.79939, 170.93035, 170.93035, 170.93035, 170.93035, 197.47101
39.82997, 32.06626, 32.06626, 32.06626, 32.06626, 210.07818
0.93389, 9.01832, 9.01832, 9.01832, 9.01832, 360.85400
9.33961, 557.34783, 557.34783, 557.34783, 557.34783, 52.06864
23.22284, 96.95629, 96.95629, 96.95629, 96.95629, 124.88813
0.58516, 38.41004, 38.41004, 38.41004, 38.41004, 647.72219
0.09016, 38.12830, 38.12830, 38.12830, 38.12830, 510.63231
58.31964, 90.91283, 90.91283, 90.91283, 90.91283, 199.64216
51.85364, 100.34737, 100.34737, 100.34737, 100.34737, 34.24137
1.74472, 476.08983, 476.08983, 476.08983, 476.08983, 93.65262
0.17644, 3.95652, 3.95652, 3.95652, 3.95652, 840.84033
17.98846, 624.47271, 624.47271, 624.47271, 624.47271, 209.98829
34.55890, 227.74334, 227.74334, 227.74334, 227.74334, 102.65324
57.94426, 166.11125, 166.11125, 166.11125, 166.11125, 34.91224
70.97468, 100.61647, 100.61647, 100.61647, 100.61647, 77.95744
70.51411, 23.18247, 23.18247, 23.18247, 23.18247, 2.52932
1.68750, 16.72225, 16.72225, 16.72225, 16.72225, 34.89314
118.65816, 67.58171, 67.58171, 67.58171, 67.58171, 119.31310
0.05366, 214.08438, 214.08438, 214.08438, 214.08438, 381.68415
1.35075, 77.17989, 77.17989, 77.17989, 77.17989, 236.34626
0.95663, 122.44678, 122.44678, 122.44678, 122.44678, 497.26483
19.44832, 241.13281, 241.13281, 241.13281, 241.13281, 8.92473
74.38402, 121.46692, 121.46692, 121.46692, 121.46692, 111.35124
1.76995, 75.78362, 75.78362, 75.78362, 75.78362, 244.83133
17.52309, 161.75774, 161.75774, 161.75774, 161.75774, 82.16829
7.48161, 41.45925, 41.45925, 41.45925, 41.45925, 301.98968
21.34340, 209.12325, 209.12325, 209.12325, 209.12325, 14.69328
0.29716, 17.84058, 17.84058, 17.84058, 17.84058, 578.58155
31.77420, 124.30168, 124.30168, 124.30168, 124.30168, 98.41430
4.75875, 51.20616, 51.20616, 51.20616, 51.20616, 171.62880
27.30374, 228.05937, 228.05937, 228.05937, 228.05937, 124.72174
38.64978, 118.17859, 118.17859, 118.17859, 118.17859, 99.17990
3.69534, 240.70993, 240.70993, 240.70993, 240.70993, 49.29519
11.25289, 136.85401, 136.85401, 136.85401, 136.85401, 69.83077
0.39575, 33.73394, 33.73394, 33.73394, 33.73394, 537.79563
2.95351, 475.37340, 475.37340, 475.37340, 475.37340, 188.11368
27.75243, 191.96850, 191.96850, 191.96850, 191.96850, 27.33837
1.75834, 389.16215, 389.16215, 389.16215, 389.16215, 150.32684
29.99386, 192.43072, 192.43072, 192.43072, 192.43072, 155.13276
0.56664, 16.81522, 16.81522, 16.81522, 16.81522, 181.53259
17.38290, 104.07456, 104.07456, 104.07456, 104.07456, 176.68672
21.75579, 280.08049, 280.08049, 280.08049, 280.08049, 59.14698
127.87783, 7.32045, 7.32045, 7.32045, 7.32045, 79.51532
9.33965, 49.00386, 49.00386, 49.00386, 49.00386, 138.64775
2.72234, 58.06753, 58.06753, 58.06753, 58.06753, 212.52827
4.22278, 44.38949, 44.38949, 44.38949, 44.38949, 227.73010
0.36163, 156.27707, 156.27707, 156.27707, 156.27707, 18.57991
11.09809, 3.98063, 3.98063, 3.98063, 3.98063, 559.35196
17.14297, 342.50297, 342.50297, 342.50297, 342.50297, 203.82550
0.28569, 4.05562, 4.05562, 4.05562, 4.05562, 565.48121
3.14351, 589.62025, 589.62025, 589.62025, 589.62025, 42.38429
10.53567, 73.43226, 73.43226, 73.43226, 73.43226, 232.83253
8.59139, 47.22812, 47.22812, 47.22812, 47.22812, 213.28938
63.88203, 115.61428, 115.61428, 115.61428, 115.61428, 57.27543
78.78523, 193.27005, 193.27005, 193.27005, 193.27005, 131.91247
94.23593, 87.90347, 87.90347, 87.90347, 87.90347, 43.57874
2.83705, 65.29739, 65.29739, 65.29739, 65.29739, 126.51414
106.90144, 80.54341, 80.54341, 80.54341, 80.54341, 96.73176
1.20604, 13.32508, 13.32508, 13.32508, 13.32508, 600.35440
0.04882, 266.12081, 266.12081, 266.12081, 266.12081, 332.85148
2.73981, 18.64463, 18.64463, 18.64463, 18.64463, 598.56323
1.97177, 24.15677, 24.15677, 24.15677, 24.15677, 324.67182
0.10486, 11.38147, 11.38147, 11.38147, 11.38147, 679.43981
75.78697, 148.84862, 148.84862, 148.84862, 148.84862, 48.44494
0.87696, 105.05991, 105.05991, 105.05991, 105.05991, 508.18072
0.35990, 19.73373, 19.73373, 19.73373, 19.73373, 119.18361
0.55374, 49.22606, 49.22606, 49.22606, 49.22606, 789.20244
6.95554, 23.54568, 23.54568, 23.54568, 23.54568, 239.11371
0.39154, 115.33352, 115.33352, 115.33352, 115.33352, 52.24454
18.05005, 133.90237, 133.90237, 133.90237, 133.90237, 93.53635
87.67084, 57.28768, 57.28768, 57.28768, 57.28768, 38.09722
10.94641, 28.33583, 28.33583, 28.33583, 28.33583, 585.18954
0.45936, 436.57252, 436.57252, 436.57252, 436.57252, 257.01351
1.47356, 203.52258, 203.52258, 203.52258, 203.52258, 94.77443
28.63916, 44.25064, 44.25064, 44.25064, 44.25064, 278.92760
147.50635, 118.89224, 118.89224, 118.89224, 118.89224, 146.11043
78.56089, 135.24933, 135.24933, 135.24933, 135.24933, 203.85940
14.52038, 177.07374, 177.07374, 177.07374, 177.07374, 61.42324
0.02455, 80.91806, 80.91806, 80.91806, 80.91806, 580.76177
17.32390, 593.46797, 593.46797, 593.46797, 593.46797, 118.80653
2.83453, 71.53635, 71.53635, 71.53635, 71.53635, 219.43258
4.64430, 117.05804, 117.05804, 117.05804, 117.05804, 88.08722
1.03204, 213.25706, 213.25706, 213.25706, 213.25706, 357.58789
11.22857, 329.72896, 329.72896, 329.72896, 329.72896, 25.59366
114.67961, 155.82248, 155.82248, 155.82248, 155.82248, 387.13254
5.58666, 16.59334, 16.59334, 16.59334, 16.59334, 249.77267
13.73616, 42.03260, 42.03260, 42.03260, 42.03260, 146.02796
13.26809, 24.90869, 24.90869, 24.90869, 24.90869, 177.31129
0.52537, 66.64487, 66.64487, 66.64487, 66.64487, 233.38799
0.47921, 265.77920, 265.77920, 265.77920, 265.77920, 63.37186
5.09298, 35.38852, 35.38852, 35.38852, 35.38852, 89.46375
45.25357, 101.58820, 101.58820, 101.58820, 101.58820, 81.77999
9.23950, 159.48728, 159.48728, 159.48728, 159.48728, 180.03946
3.39088, 101.34050, 101.34050, 101.34050, 101.34050, 204.21655
2.09647, 78.44493, 78.44493, 78.44493, 78.44493, 29.76367
86.99546, 39.38961, 39.38961, 39.38961, 39.38961, 111.20056
0.01592, 220.36325, 220.36325, 220.36325, 220.36325, 451.70687
3.34788, 461.08623, 461.08623, 461.08623, 461.08623, 76.15489
13.95932, 101.06943, 101.06943, 101.06943, 101.06943, 158.81959
9.96443, 203.41775, 203.41775, 203.41775, 203.41775, 41.14864
23.35347, 58.99919, 58.99919, 58.99919, 58.99919, 81.58350
3.77659, 121.41459, 121.41459, 121.41459, 121.41459, 103.16821
4.13543, 238.60827, 238.60827, 238.60827, 238.60827, 455.31684
1.02886, 511.75219, 511.75219, 511.75219, 511.75219, 126.17168
1.35876, 70.96117, 70.96117, 70.96117, 70.96117, 252.11237
2.68370, 585.63667, 585.63667, 585.63667, 585.63667, 51.29451
22.27225, 81.03465, 81.03465, 81.03465, 81.03465, 264.81866
99.73304, 41.03891, 41.03891, 41.03891, 41.03891, 239.01940
1.67488, 279.94639, 279.94639, 279.94639, 279.94639, 363.93689
0.03384, 45.76281, 45.76281, 45.76281, 45.76281, 580.60403
0.00855, 26.51015, 26.51015, 26.51015, 26.51015, 580.45737
0.35611, 381.17179, 381.17179, 381.17179, 381.17179, 214.66138
0.01439, 22.23903, 22.23903, 22.23903, 22.23903, 325.06870
1.63524, 84.25587, 84.25587, 84.25587, 84.25587, 79.03733
2.83194, 401.78393, 401.78393, 401.78393, 401.78393, 153.46257
1.70721, 66.16120, 66.16120, 66.16120, 66.16120, 537.36979
1.22802, 72.07357, 72.07357, 72.07357, 72.07357, 506.29825
288.20925, 11.65038, 11.65038, 11.65038, 11.65038, 311.96233
0.40015, 640.58543, 640.58543, 640.58543, 640.58543, 94.50572
2.61328, 38.84227, 38.84227, 38.84227, 38.84227, 614.16954
0.99307, 592.72257, 592.72257, 592.72257, 592.72257, 31.76865
8.32189, 46.81806, 46.81806, 46.81806, 46.81806, 8.28681
0.17394, 107.42200, 107.42200, 107.42200, 107.42200, 563.11179
44.94201, 93.37909, 93.37909, 93.37909, 93.37909, 120.91231
2.54556, 246.63322, 246.63322, 246.63322, 246.63322, 95.11646
0.56900, 226.31126, 226.31126, 226.31126, 226.31126, 422.63873
1.25627, 111.09845, 111.09845, 111.09845, 111.09845, 241.67181
70.52670, 155.89661, 155.89661, 155.89661, 155.89661, 152.88458
0.58937, 36.24908, 36.24908, 36.24908, 36.24908, 560.90962
6.85393, 190.83573, 190.83573, 190.83573, 190.83573, 79.01181
11.77397, 267.56696, 267.56696, 267.56696, 267.56696, 338.64406
5.09604, 678.00449, 678.00449, 678.00449, 678.00449, 36.99201
0.66766, 331.96337, 331.96337, 331.96337, 331.96337, 258.87471
6.71567, 13.25647, 13.25647, 13.25647, 13.25647, 197.77664
117.45546, 12.59653, 12.59653, 12.59653, 12.59653, 132.01485
27.61249, 11.58577, 11.58577, 11.58577, 11.58577, 219.06171
16.56912, 18.84563, 18.84563, 18.84563, 18.84563, 202.66524
10.69314, 42.54438, 42.54438, 42.54438, 42.54438, 293.56169
18.32918, 46.33335, 46.33335, 46.33335, 46.33335, 285.07827
10.89649, 46.50733, 46.50733, 46.50733, 46.50733, 282.98731
46.07196, 203.27049, 203.27049, 203.27049, 203.27049, 106.86097
49.06236, 110.89173, 110.89173, 110.89173, 110.89173, 24.58335
1.43733, 159.35545, 159.35545, 159.35545, 159.35545, 126.08319
1.13110, 314.49722, 314.49722, 314.49722, 314.49722, 306.93181
75.91202, 198.81620, 198.81620, 198.81620, 198.81620, 86.33415
50.43684, 140.46332, 140.46332, 140.46332, 140.46332, 208.59524
5.73458, 210.22982, 210.22982, 210.22982, 210.22982, 113.74425
38.19015, 163.02624, 163.02624, 163.02624, 163.02624, 532.59842
5.88536, 111.13174, 111.13174, 111.13174, 111.13174, 110.75552
10.05071, 95.14063, 95.14063, 95.14063, 95.14063, 226.56008
0.70548, 120.02949, 120.02949, 120.02949, 120.02949, 144.83323
9.41769, 44.82135, 44.82135, 44.82135, 44.82135, 278.65927
0.69642, 201.88471, 201.88471, 201.88471, 201.88471, 445.22642
14.77805, 312.64174, 312.64174, 312.64174, 312.64174, 7.41198
0.32413, 15.32697, 15.32697, 15.32697, 15.32697, 219.31106
1.31335, 99.62259, 99.62259, 99.62259, 99.62259, 233.59956
40.81159, 251.50048, 251.50048, 251.50048, 251.50048, 333.34056
12.65045, 146.98737, 146.98737, 146.98737, 146.98737, 6.20842
38.14838, 56.69227, 56.69227, 56.69227, 56.69227, 303.92862
3.08660, 244.36989, 244.36989, 244.36989, 244.36989, 19.42377
1.42971, 216.94718, 216.94718, 216.94718, 216.94718, 476.59881
48.61116, 191.22604, 191.22604, 191.22604, 191.22604, 2.73384
15.62511, 61.92826, 61.92826, 61.92826, 61.92826, 193.98194
51.35042, 166.32607, 166.32607, 166.32607, 166.32607, 10.93907
6.01638, 83.30327, 83.30327, 83.30327, 83.30327, 494.97490
3.91560, 111.60800, 111.60800, 111.60800, 111.60800, 110.81205
2.16791, 391.80783, 391.80783, 391.80783, 391.80783, 221.24876
3.57255, 163.63723, 163.63723, 163.63723, 163.63723, 89.72339
8.23568, 112.30567, 112.30567, 112.30567, 112.30567, 256.31499
1.83827, 42.12495, 42.12495, 42.12495, 42.12495, 208.02960
9.97771, 53.64642, 53.64642, 53.64642, 53.64642, 272.53969
0.02114, 12.22883, 12.22883, 12.22883, 12.22883, 538.03249
1.00710, 132.72603, 132.72603, 132.72603, 132.72603, 418.26341
4.75714, 187.00051, 187.00051, 187.00051, 187.00051, 127.42633
18.96989, 165.04306, 165.04306, 165.04306, 165.04306, 440.30864
71.95675, 6.62670, 6.62670, 6.62670, 6.62670, 615.53458
8.30365, 246.61964, 246.61964, 246.61964, 246.61964, 107.32751
0.56323, 161.70972, 161.70972, 161.70972, 161.70972, 428.07349
0.10027, 0.80608, 0.80608, 0.80608, 0.80608, 360.38870
14.00756, 66.55529, 66.55529, 66.55529, 66.55529, 152.50607
60.78984, 7.79899, 7.79899, 7.79899, 7.79899, 25.58256
2.23597, 64.28684, 64.28684, 64.28684, 64.28684, 27.63880
1.00513, 18.16289, 18.16289, 18.16289, 18.16289, 717.96840
14.21063, 244.43401, 244.43401, 244.43401, 244.43401, 76.52982
0.18393, 52.45583, 52.45583, 52.45583, 52.45583, 584.01152
2.96322, 7.94295, 7.94295, 7.94295, 7.94295, 658.41076
68.93985, 291.34551, 291.34551, 291.34551, 291.34551, 9.11938
1.56360, 73.23876, 73.23876, 73.23876, 73.23876, 510.60934
0.78973, 144.54833, 144.54833, 144.54833, 144.54833, 467.01689
1.98958, 151.48091, 151.48091, 151.48091, 151.48091, 501.06293
7.25181, 195.00876, 195.00876, 195.00876, 195.00876, 170.54998
0.00530, 15.96702, 15.96702, 15.96702, 15.96702, 560.94177
16.77443, 418.50825, 418.50825, 418.50825, 418.50825, 135.42516
0.06779, 53.28028, 53.28028, 53.28028, 53.28028, 294.70593
0.07171, 124.72629, 124.72629, 124.72629, 124.72629, 476.89654
45.65380, 102.67869, 102.67869, 102.67869, 102.67869, 55.06695
0.19865, 629.50900, 629.50900, 629.50900, 629.50900, 110.92192
0.00388, 551.15172, 551.15172, 551.15172, 551.15172, 72.74126
49.95570, 525.35714, 525.35714, 525.35714, 525.35714, 43.83893
0.53437, 258.03242, 258.03242, 258.03242, 258.03242, 41.36341
0.61056, 300.68704, 300.68704, 300.68704, 300.68704, 41.35374
0.34747, 108.08192, 108.08192, 108.08192, 108.08192, 150.16448
0.06066, 3.82005, 3.82005, 3.82005, 3.82005, 702.65113
1.71979, 30.99600, 30.99600, 30.99600, 30.99600, 540.64079
7.57785, 320.52722, 320.52722, 320.52722, 320.52722, 0.30410
0.33919, 158.93385, 158.93385, 158.93385, 158.93385, 203.34813
2.63514, 16.46445, 16.46445, 16.46445, 16.46445, 746.17963
20.27043, 269.70090, 269.70090, 269.70090, 269.70090, 67.68246
0.45429, 81.11690, 81.11690, 81.11690, 81.11690, 246.76653
0.11518, 24.25253, 24.25253, 24.25253, 24.25253, 306.55705
9.04707, 149.45735, 149.45735, 149.45735, 149.45735, 172.88954
3.30262, 51.85199, 51.85199, 51.85199, 51.85199, 525.02092
4.14914, 78.65328, 78.65328, 78.65328, 78.65328, 472.51564
0.25737, 384.23735, 384.23735, 384.23735, 384.23735, 170.61533
0.23783, 153.06468, 153.06468, 153.06468, 153.06468, 8.83793
28.94225, 0.05870, 0.05870, 0.05870, 0.05870, 166.63484
1.24326, 5.51742, 5.51742, 5.51742, 5.51742, 590.17386
0.06540, 316.46900, 316.46900, 316.46900, 316.46900, 288.59751
19.68855, 92.67010, 92.67010, 92.67010, 92.67010, 683.57269
2.63509, 288.78271, 288.78271, 288.78271, 288.78271, 310.59406
0.22758, 34.96586, 34.96586, 34.96586, 34.96586, 687.52225
3.43937, 61.07276, 61.07276, 61.07276, 61.07276, 288.49179
40.10213, 73.26053, 73.26053, 73.26053, 73.26053, 163.48257
18.99047, 69.25040, 69.25040, 69.25040, 69.25040, 163.51359
0.95916, 94.91565, 94.91565, 94.91565, 94.91565, 271.40541
25.98887, 17.29619, 17.29619, 17.29619, 17.29619, 86.80726
93.67322, 44.22259, 44.22259, 44.22259, 44.22259, 81.20716
22.42529, 17.13349, 17.13349, 17.13349, 17.13349, 240.21803
6.00952, 395.24211, 395.24211, 395.24211, 395.24211, 154.99222
19.25219, 114.27045, 114.27045, 114.27045, 114.27045, 10.63677
24.99862, 49.55703, 49.55703, 49.55703, 49.55703, 73.13040
51.64744, 97.75349, 97.75349, 97.75349, 97.75349, 159.92594
0.32729, 282.76913, 282.76913, 282.76913, 282.76913, 258.43341
4.45664, 101.59520, 101.59520, 101.59520, 101.59520, 191.00842
3.31392, 163.12956, 163.12956, 163.12956, 163.12956, 187.41993
39.35669, 37.14941, 37.14941, 37.14941, 37.14941, 157.48183
0.98264, 150.55871, 150.55871, 150.55871, 150.55871, 89.15386
19.88839, 171.56745, 171.56745, 171.56745, 171.56745, 85.76670
3.76280, 117.91196, 117.91196, 117.91196, 117.91196, 173.14930
26.83623, 99.20916, 99.20916, 99.20916, 99.20916, 228.42353
6.71321, 2.38064, 2.38064, 2.38064, 2.38064, 625.19410
2.73656, 118.95315, 118.95315, 118.95315, 118.95315, 121.35327
0.25625, 220.18817, 220.18817, 220.18817, 220.18817, 401.06959
22.21733, 246.12095, 246.12095, 246.12095, 246.12095, 84.35768
4.28394, 128.78016, 128.78016, 128.78016, 128.78016, 81.52164
0.20555, 186.61263, 186.61263, 186.61263, 186.61263, 355.36947
7.05887, 133.93708, 133.93708, 133.93708, 133.93708, 4.28270
9.24164, 232.07433, 232.07433, 232.07433, 232.07433, 414.70040
9.30206, 212.87834, 212.87834, 212.87834, 212.87834, 24.34825
1.16716, 68.45606, 68.45606, 68.45606, 68.45606, 88.35934
34.51548, 57.78709, 57.78709, 57.78709, 57.78709, 118.63109
2.59211, 195.33408, 195.33408, 195.33408, 195.33408, 8.70123
11.57066, 39.01661, 39.01661, 39.01661, 39.01661, 197.15902
8.65459, 405.14002, 405.14002, 405.14002, 405.14002, 263.27938
2.54276, 11.82813, 11.82813, 11.82813, 11.82813, 594.87161
9.34896, 91.63429, 91.63429, 91.63429, 91.63429, 621.28640
3.87821, 167.76135, 167.76135, 167.76135, 167.76135, 173.29724
6.92377, 391.56388, 391.56388, 391.56388, 391.56388, 203.16102
0.24518, 62.90345, 62.90345, 62.90345, 62.90345, 132.82203
14.99794, 89.63144, 89.63144, 89.63144, 89.63144, 473.89786
20.25816, 195.74951, 195.74951, 195.74951, 195.74951, 436.94505
3.35787, 20.96644, 20.96644, 20.96644, 20.96644, 571.92946
32.68540, 581.40431, 581.40431, 581.40431, 581.40431, 34.57154
2.21800, 336.04507, 336.04507, 336.04507, 336.04507, 211.47390
42.30050, 278.13457, 278.13457, 278.13457, 278.13457, 282.18688
1.79957, 104.17303, 104.17303, 104.17303, 104.17303, 241.35417
1.07555, 522.97959, 522.97959, 522.97959, 522.97959, 85.55090
26.15435, 183.35857, 183.35857, 183.35857, 183.35857, 101.33869
2.54780, 407.66481, 407.66481, 407.66481, 407.66481, 138.83014
9.34716, 38.86751, 38.86751, 38.86751, 38.86751, 237.96026
1.43200, 334.51889, 334.51889, 334.51889, 334.51889, 7.01033
61.81225, 222.19022, 222.19022, 222.19022, 222.19022, 110.88480
6.00946, 174.11374, 174.11374, 174.11374, 174.11374, 132.10663
1.42505, 31.24681, 31.24681, 31.24681, 31.24681, 177.61704
0.88350, 42.91307, 42.91307, 42.91307, 42.91307, 503.95354
90.00644, 1.43513, 1.43513, 1.43513, 1.43513, 249.75668
45.71915, 82.00474, 82.00474, 82.00474, 82.00474, 218.04162
1.05020, 11.11232, 11.11232, 11.11232, 11.11232, 332.43305
4.20920, 105.83998, 105.83998, 105.83998, 105.83998, 200.85270
2.06135, 202.42680, 202.42680, 202.42680, 202.42680, 97.33000
107.17733, 66.29551, 66.29551, 66.29551, 66.29551, 178.00903
0.00545, 56.06024, 56.06024, 56.06024, 56.06024, 579.90422
138.66172, 54.49442, 54.49442, 54.49442, 54.49442, 172.08351
0.01690, 20.10144, 20.10144, 20.10144, 20.10144, 600.55433
7.25646, 465.72059, 465.72059, 465.72059, 465.72059, 377.57278
34.01479, 64.64194, 64.64194, 64.64194, 64.64194, 246.57521
14.81638, 228.34626, 228.34626, 228.34626, 228.34626, 136.28533
0.70006, 11.25297, 11.25297, 11.25297, 11.25297, 622.05266
42.83658, 77.72030, 77.72030, 77.72030, 77.72030, 2.05365
0.62993, 81.21327, 81.21327, 81.21327, 81.21327, 510.77485
50.31986, 4.38068, 4.38068, 4.38068, 4.38068, 112.57908
3.97317, 387.98212, 387.98212, 387.98212, 387.98212, 165.16294
38.30751, 45.52118, 45.52118, 45.52118, 45.52118, 46.30360
0.00092, 190.67285, 190.67285, 190.67285, 190.67285, 121.11303
16.81817, 82.25107, 82.25107, 82.25107, 82.25107, 221.56303
18.24153, 95.13089, 95.13089, 95.13089, 95.13089, 28.39719
33.38524, 254.87625, 254.87625, 254.87625, 254.87625, 39.71709
5.53373, 63.52990, 63.52990, 63.52990, 63.52990, 252.53395
16.83399, 173.16004, 173.16004, 173.16004, 173.16004, 439.50763
3.25501, 301.82091, 301.82091, 301.82091, 301.82091, 30.36334
38.59193, 226.89118, 226.89118, 226.89118, 226.89118, 16.77561
20.26700, 25.69024, 25.69024, 25.69024, 25.69024, 38.61615
30.03225, 30.19229, 30.19229, 30.19229, 30.19229, 235.38148
33.79658, 43.71870, 43.71870, 43.71870, 43.71870, 321.55455
5.54927, 507.59268, 507.59268, 507.59268, 507.59268, 89.60641
0.75284, 25.02969, 25.02969, 25.02969, 25.02969, 265.90704
4.83912, 224.45833, 224.45833, 224.45833, 224.45833, 2.55926
0.66153, 87.22900, 87.22900, 87.22900, 87.22900, 251.53412
48.61373, 181.81389, 181.81389, 181.81389, 181.81389, 30.54430
4.13633, 7.95526, 7.95526, 7.95526, 7.95526, 555.96515
9.31574, 272.93477, 272.93477, 272.93477, 272.93477, 34.81479
35.80985, 40.19669, 40.19669, 40.19669, 40.19669, 302.96807
0.07614, 127.55320, 127.55320, 127.55320, 127.55320, 486.68534
13.07893, 35.89993, 35.89993, 35.89993, 35.89993, 154.85658
78.21753, 66.51525, 66.51525, 66.51525, 66.51525, 81.88414
3.84758, 2.76901, 2.76901, 2.76901, 2.76901, 312.14299
65.88400, 122.54575, 122.54575, 122.54575, 122.54575, 98.43207
40.65625, 120.69304, 120.69304, 120.69304, 120.69304, 239.20324

Final Population: 
0.00590, 0.00625, 0.00625, 0.00625, 0.00625, 0.02960
0.00590, 0.00625, 0.00625, 0.00625, 0.00625, 0.02960
0.00590, 0.00625, 0.00625, 0.00625, 0.00625, 0.02960
0.00590, 0.00625, 0.00625, 0.00625, 0.00625, 0.02960
0.00590, 0.00625, 0.00625, 0.00625, 0.00625, 0.02960
0.00590, 0.00625, 0.00625, 0.00625, 0.00625, 0.02960
0.00590, 0.00625, 0.00625, 0.00625, 0.00625, 0.02960
0.00590, 0.00625, 0.00625, 0.00625, 0.00625, 0.02960
0.00590, 0.00625, 0.00625, 0.00625, 0.00625, 0.02960
0.00590, 0.00625, 0.00625, 0.00625, 0.00625, 0.02960
0.00590, 0.00625, 0.00625, 0.00625, 0.00625, 0.02960
0.00590, 0.00625, 0.00625, 0.00625, 0.00625, 0.02960
0.00590, 0.00625, 0.00625, 0.00625, 0.00625, 0.02960
0.00590, 0.00625, 0.00625, 0.00625, 0.00625, 0.02960
0.00590, 0.00625, 0.00625, 0.00625, 0.00625, 0.02960
0.00590, 0.00625, 0.00625, 0.00625, 0.00625, 0.02960
0.00590, 0.00625, 0.00625, 0.00625, 0.00625, 0.02960
0.00590, 0.00625, 0.00625, 0.00625, 0.00625, 0.02960
0.00590, 0.00625, 0.00625, 0.00625, 0.00625, 0.02960
0.00590, 0.00625, 0.00625, 0.00625, 0.00625, 0.02960
0.00590, 0.00625, 0.00625, 0.00625, 0.00625, 0.02960
0.00590, 0.00625, 0.00625, 0.00625, 0.00625, 0.02960
0.00590, 0.00625, 0.00625, 0.00625, 0.00625, 0.02960
0.00590, 0.00625, 0.00625, 0.00625, 0.00625, 0.02960
0.00590, 0.00625, 0.00625, 0.00625, 0.00625, 0.02960
0.00590, 0.00625, 0.00625, 0.00625, 0.00625, 0.02960
0.00590, 0.00625, 0.00625, 0.00625, 0.00625, 0.02960
0.00590, 0.00625, 0.00625, 0.00625, 0.00625, 0.02960
0.00590, 0.00625, 0.00625, 0.00625, 0.00625, 0.02960
0.00590, 0.00625, 0.00625, 0.00625, 0.00625, 0.02960
0.00590, 0.00625, 0.00625, 0.00625, 0.00625, 0.02960
0.00590, 0.00625, 0.00625, 0.00625, 0.00625, 0.02960
0.00590, 0.00625, 0.00625, 0.00625, 0.00625, 0.02960
0.00590, 0.00625, 0.00625, 0.00625, 0.00625, 0.02960
0.00590, 0.00625, 0.00625, 0.00625, 0.00625, 0.02960
0.00590, 0.00625, 0.00625, 0.00625, 0.00625, 0.02960
0.00590, 0.00625, 0.00625, 0.00625, 0.00625, 0.02960
0.00590, 0.00625, 0.00625, 0.00625, 0.00625, 0.02960
0.00590, 0.00625, 0.00625, 0.00625, 0.00625, 0.02960
0.00590, 0.00625, 0.00625, 0.00625, 0.00625, 0.02960
0.00590, 0.00625, 0.00625, 0.00625, 0.00625, 0.02960
0.00590, 0.00625, 0.00625, 0.00625, 0.00625, 0.02960
0.00590, 0.00625, 0.00625, 0.00625, 0.00625, 0.02960
0.00590, 0.00625, 0.00625, 0.00625, 0.00625, 0.02960
0.00590, 0.00625, 0.00625, 0.00625, 0.00625, 0.02960
0.00590, 0.00625, 0.00625, 0.00625, 0.00625, 0.02960
0.00590, 0.00625, 0.00625, 0.00625, 0.00625, 0.02960
0.00590, 0.00625, 0.00625, 0.00625, 0.00625, 0.02960
0.00590, 0.00625, 0.00625, 0.00625, 0.00625, 0.02960
0.00590, 0.00625, 0.00625, 0.00625, 0.00625, 0.02960
0.00590, 0.00625, 0.00625, 0.00625, 0.00625, 0.02960
0.00590, 0.00625, 0.00625, 0.00625, 0.00625, 0.02960
0.00590, 0.00625, 0.00625, 0.00625, 0.00625, 0.02960
0.00590, 0.00625, 0.00625, 0.00625, 0.00625, 0.02960
0.00590, 0.00625, 0.00625, 0.00625, 0.00625, 0.02960
0.00590, 0.00625, 0.00625, 0.00625, 0.00625, 0.02960
0.00590, 0.00625, 0.00625, 0.00625, 0.00625, 0.02960
0.00590, 0.00625, 0.00625, 0.00625, 0.00625, 0.02960
0.00590, 0.00625, 0.00625, 0.00625, 0.00625, 0.02960
0.00590, 0.00625, 0.00625, 0.00625, 0.00625, 0.02960
0.00590, 0.00625, 0.00625, 0.00625, 0.00625, 0.02960
0.00590, 0.00625, 0.00625, 0.00625, 0.00625, 0.02960
0.00590, 0.00625, 0.00625, 0.00625, 0.00625, 0.02960
0.00590, 0.00625, 0.00625, 0.00625, 0.00625, 0.02960
0.00590, 0.00625, 0.00625, 0.00625, 0.00625, 0.02960
0.00590, 0.00625, 0.00625, 0.00625, 0.00625, 0.02960
0.00590, 0.00625, 0.00625, 0.00625, 0.00625, 0.02960
0.00590, 0.00625, 0.00625, 0.00625, 0.00625, 0.02960
0.00590, 0.00625, 0.00625, 0.00625, 0.00625, 0.02960
0.00590, 0.00625, 0.00625, 0.00625, 0.00625, 0.02960
0.00590, 0.00625, 0.00625, 0.00625, 0.00625, 0.02960
0.00590, 0.00625, 0.00625, 0.00625, 0.00625, 0.02960
0.00590, 0.00625, 0.00625, 0.00625, 0.00625, 0.02960
0.00590, 0.00625, 0.00625, 0.00625, 0.00625, 0.02960
0.00590, 0.00625, 0.00625, 0.00625, 0.00625, 0.02960
0.00590, 0.00625, 0.00625, 0.00625, 0.00625, 0.02960
0.00590, 0.00625, 0.00625, 0.00625, 0.00625, 0.02960
0.00590, 0.00625, 0.00625, 0.00625, 0.00625, 0.02960
0.00590, 0.00625, 0.00625, 0.00625, 0.00625, 0.02960
0.00590, 0.00625, 0.00625, 0.00625, 0.00625, 0.02960
0.00590, 0.00625, 0.00625, 0.00625, 0.00625, 0.02960
0.00590, 0.00625, 0.00625, 0.00625, 0.00625, 0.02960
0.00590, 0.00625, 0.00625, 0.00625, 0.00625, 0.02960
0.00590, 0.00625, 0.00625, 0.00625, 0.00625, 0.02960
0.00590, 0.00625, 0.00625, 0.00625, 0.00625, 0.02960
0.00590, 0.00625, 0.00625, 0.00625, 0.00625, 0.02960
0.00590, 0.00625, 0.00625, 0.00625, 0.00625, 0.02960
0.00590, 0.00625, 0.00625, 0.00625, 0.00625, 0.02960
0.00590, 0.00625, 0.00625, 0.00625, 0.00625, 0.02960
0.00590, 0.00625, 0.00625, 0.00625, 0.00625, 0.02960
0.00590, 0.00625, 0.00625, 0.00625, 0.00625, 0.02960
0.00590, 0.00625, 0.00625, 0.00625, 0.00625, 0.02960
0.00590, 0.00625, 0.00625, 0.00625, 0.00625, 0.02960
0.00590, 0.00625, 0.00625, 0.00625, 0.00625, 0.02960
0.00590, 0.00625, 0.00625, 0.00625, 0.00625, 0.02960
0.00590, 0.00625, 0.00625, 0.00625, 0.00625, 0.02960
0.00590, 0.00625, 0.00625, 0.00625, 0.00625, 0.02960
0.00590, 0.00625, 0.00625, 0.00625, 0.00625, 0.02960
0.00590, 0.00625, 0.00625, 0.00625, 0.00625, 0.02960
0.00590, 0.00625, 0.00625, 0.00625, 0.00625, 0.02960
0.00590, 0.00625, 0.00625, 0.00625, 0.00625, 0.02960
0.00590, 0.00625, 0.00625, 0.00625, 0.00625, 0.02960
0.00590, 0.00625, 0.00625, 0.00625, 0.00625, 0.02960
0.00590, 0.00625, 0.00625, 0.00625, 0.00625, 0.02960
0.00590, 0.00625, 0.00625, 0.00625, 0.00625, 0.02960
0.00590, 0.00625, 0.00625, 0.00625, 0.00625, 0.02960
0.00590, 0.00625, 0.00625, 0.00625, 0.00625, 0.02960
0.00590, 0.00625, 0.00625, 0.00625, 0.00625, 0.02960
0.00590, 0.00625, 0.00625, 0.00625, 0.00625, 0.02960
0.00590, 0.00625, 0.00625, 0.00625, 0.00625, 0.02960
0.00590, 0.00625, 0.00625, 0.00625, 0.00625, 0.02960
0.00590, 0.00625, 0.00625, 0.00625, 0.00625, 0.02960
0.00590, 0.00625, 0.00625, 0.00625, 0.00625, 0.02960
0.00590, 0.00625, 0.00625, 0.00625, 0.00625, 0.02960
0.00590, 0.00625, 0.00625, 0.00625, 0.00625, 0.02960
0.00590, 0.00625, 0.00625, 0.00625, 0.00625, 0.02960
0.00590, 0.00625, 0.00625, 0.00625, 0.00625, 0.02960
0.00590, 0.00625, 0.00625, 0.00625, 0.00625, 0.02960
0.00590, 0.00625, 0.00625, 0.00625, 0.00625, 0.02960
0.00590, 0.00625, 0.00625, 0.00625, 0.00625, 0.02960
0.00590, 0.00625, 0.00625, 0.00625, 0.00625, 0.02960
0.00590, 0.00625, 0.00625, 0.00625, 0.00625, 0.02960
0.00590, 0.00625, 0.00625, 0.00625, 0.00625, 0.02960
0.00590, 0.00625, 0.00625, 0.00625, 0.00625, 0.02960
0.00590, 0.00625, 0.00625, 0.00625, 0.00625, 0.02960
0.00590, 0.00625, 0.00625, 0.00625, 0.00625, 0.02960
0.00590, 0.00625, 0.00625, 0.00625, 0.00625, 0.02960
0.00590, 0.00625, 0.00625, 0.00625, 0.00625, 0.02960
0.00590, 0.00625, 0.00625, 0.00625, 0.00625, 0.02960
0.00590, 0.00625, 0.00625, 0.00625, 0.00625, 0.02960
0.00590, 0.00625, 0.00625, 0.00625, 0.00625, 0.02960
0.00590, 0.00625, 0.00625, 0.00625, 0.00625, 0.02960
0.00590, 0.00625, 0.00625, 0.00625, 0.00625, 0.02960
0.00590, 0.00625, 0.00625, 0.00625, 0.00625, 0.02960
0.00590, 0.00625, 0.00625, 0.00625, 0.00625, 0.02960
0.00590, 0.00625, 0.00625, 0.00625, 0.00625, 0.02960
0.00590, 0.00625, 0.00625, 0.00625, 0.00625, 0.02960
0.00590, 0.00625, 0.00625, 0.00625, 0.00625, 0.02960
0.00590, 0.00625, 0.00625, 0.00625, 0.00625, 0.02960
0.00590, 0.00625, 0.00625, 0.00625, 0.00625, 0.02960
0.00590, 0.00625, 0.00625, 0.00625, 0.00625, 0.02960
0.00590, 0.00625, 0.00625, 0.00625, 0.00625, 0.02960
0.00590, 0.00625, 0.00625, 0.00625, 0.00625, 0.02960
0.00590, 0.00625, 0.00625, 0.00625, 0.00625, 0.02960
0.00590, 0.00625, 0.00625, 0.00625, 0.00625, 0.02960
0.00590, 0.00625, 0.00625, 0.00625, 0.00625, 0.02960
0.00590, 0.00625, 0.00625, 0.00625, 0.00625, 0.02960
0.00590, 0.00625, 0.00625, 0.00625, 0.00625, 0.02960
0.00590, 0.00625, 0.00625, 0.00625, 0.00625, 0.02960
0.00590, 0.00625, 0.00625, 0.00625, 0.00625, 0.02960
0.00590, 0.00625, 0.00625, 0.00625, 0.00625, 0.02960
0.00590, 0.00625, 0.00625, 0.00625, 0.00625, 0.02960
0.00590, 0.00625, 0.00625, 0.00625, 0.00625, 0.02960
0.00590, 0.00625, 0.00625, 0.00625, 0.00625, 0.02960
0.00590, 0.00625, 0.00625, 0.00625, 0.00625, 0.02960
0.00590, 0.00625, 0.00625, 0.00625, 0.00625, 0.02960
0.00590, 0.00625, 0.00625, 0.00625, 0.00625, 0.02960
0.00590, 0.00625, 0.00625, 0.00625, 0.00625, 0.02960
0.00590, 0.00625, 0.00625, 0.00625, 0.00625, 0.02960
0.00590, 0.00625, 0.00625, 0.00625, 0.00625, 0.02960
0.00590, 0.00625, 0.00625, 0.00625, 0.00625, 0.02960
0.00590, 0.00625, 0.00625, 0.00625, 0.00625, 0.02960
0.00590, 0.00625, 0.00625, 0.00625, 0.00625, 0.02960
0.00590, 0.00625, 0.00625, 0.00625, 0.00625, 0.02960
0.00590, 0.00625, 0.00625, 0.00625, 0.00625, 0.02960
3.42069, 397.23373, 397.23373, 397.23373, 397.23373, 494.81164
3.42069, 397.23373, 397.23373, 397.23373, 397.23373, 494.81164
3.42069, 397.23373, 397.23373, 397.23373, 397.23373, 494.81164
3.42069, 397.23373, 397.23373, 397.23373, 397.23373, 494.81164
3.42069, 397.23373, 397.23373, 397.23373, 397.23373, 494.81164
3.42069, 397.23373, 397.23373, 397.23373, 397.23373, 494.81164
3.42069, 397.23373, 397.23373, 397.23373, 397.23373, 494.81164
3.42069, 397.23373, 397.23373, 397.23373, 397.23373, 494.81164
3.42069, 397.23373, 397.23373, 397.23373, 397.23373, 494.81164
3.42069, 397.23373, 397.23373, 397.23373, 397.23373, 494.81164
3.42069, 397.23373, 397.23373, 397.23373, 397.23373, 494.81164
3.42069, 397.23373, 397.23373, 397.23373, 397.23373, 494.81164
3.42069, 397.23373, 397.23373, 397.23373, 397.23373, 494.81164
3.42069, 397.23373, 397.23373, 397.23373, 397.23373, 494.81164
3.42069, 397.23373, 397.23373, 397.23373, 397.23373, 494.81164
3.42069, 397.23373, 397.23373, 397.23373, 397.23373, 494.81164
3.42069, 397.23373, 397.23373, 397.23373, 397.23373, 494.81164
3.42069, 397.23373, 397.23373, 397.23373, 397.23373, 494.81164
3.42069, 397.23373, 397.23373, 397.23373, 397.23373, 494.81164
3.42069, 397.23373, 397.23373, 397.23373, 397.23373, 494.81164
21.66356, 828.59361, 828.59361, 828.59361, 828.59361, 49.91920
21.66356, 828.59361, 828.59361, 828.59361, 828.59361, 49.91920
21.66356, 828.59361, 828.59361, 828.59361, 828.59361, 49.91920
21.66356, 828.59361, 828.59361, 828.59361, 828.59361, 49.91920
21.66356, 828.59361, 828.59361, 828.59361, 828.59361, 49.91920
21.66356, 828.59361, 828.59361, 828.59361, 828.59361, 49.91920
21.66356, 828.59361, 828.59361, 828.59361, 828.59361, 49.91920
21.66356, 828.59361, 828.59361, 828.59361, 828.59361, 49.91920
6.45268, 749.33001, 749.33001, 749.33001, 749.33001, 136.76494
6.45268, 749.33001, 749.33001, 749.33001, 749.33001, 136.76494
6.45268, 749.33001, 749.33001, 749.33001, 749.33001, 136.76494
6.45268, 749.33001, 749.33001, 749.33001, 749.33001, 136.76494
6.45268, 749.33001, 749.33001, 749.33001, 749.33001, 136.76494
6.45268, 749.33001, 749.33001, 749.33001, 749.33001, 136.76494
6.45268, 749.33001, 749.33001, 749.33001, 749.33001, 136.76494
6.45268, 749.33001, 749.33001, 749.33001, 749.33001, 136.76494
6.45268, 749.33001, 749.33001, 749.33001, 749.33001, 136.76494
6.45268, 749.33001, 749.33001, 749.33001, 749.33001, 136.76494
6.45268, 749.33001, 749.33001, 749.33001, 749.33001, 136.76494
6.45268, 749.33001, 749.33001, 749.33001, 749.33001, 136.76494
6.45268, 749.33001, 749.33001, 749.33001, 749.33001, 136.76494
6.45268, 749.33001, 749.33001, 749.33001, 749.33001, 136.76494
6.45268, 749.33001, 749.33001, 749.33001, 749.33001, 136.76494
6.45268, 749.33001, 749.33001, 749.33001, 749.33001, 136.76494
21.66356, 828.59361, 828.59361, 828.59361, 828.59361, 49.91920
21.66356, 828.59361, 828.59361, 828.59361, 828.59361, 49.91920
6.45268, 749.33001, 749.33001, 749.33001, 749.33001, 136.76494
21.66356, 828.59361, 828.59361, 828.59361, 828.59361, 49.91920
21.66356, 828.59361, 828.59361, 828.59361, 828.59361, 49.91920
21.66356, 828.59361, 828.59361, 828.59361, 828.59361, 49.91920
6.45268, 749.33001, 749.33001, 749.33001, 749.33001, 136.76494
5.83320, 223.10966, 223.10966, 223.10966, 223.10966, 671.00170
5.83320, 223.10966, 223.10966, 223.10966, 223.10966, 671.00170
5.83320, 223.10966, 223.10966, 223.10966, 223.10966, 671.00170
5.83320, 223.10966, 223.10966, 223.10966, 223.10966, 671.00170
5.83320, 223.10966, 223.10966, 223.10966, 223.10966, 671.00170
12.55343, 831.79652, 831.79652, 831.79652, 831.79652, 50.11216
12.55343, 831.79652, 831.79652, 831.79652, 831.79652, 50.11216
12.55343, 831.79652, 831.79652, 831.79652, 831.79652, 50.11216
1.43105, 54.73503, 54.73503, 54.73503, 54.73503, 841.55964
1.43105, 54.73503, 54.73503, 54.73503, 54.73503, 841.55964
7.18182, 834.00259, 834.00259, 834.00259, 834.00259, 50.24507
7.18182, 834.00259, 834.00259, 834.00259, 834.00259, 50.24507
7.18182, 834.00259, 834.00259, 834.00259, 834.00259, 50.24507
7.18182, 834.00259, 834.00259, 834.00259, 834.00259, 50.24507
7.18182, 834.00259, 834.00259, 834.00259, 834.00259, 50.24507
7.18182, 834.00259, 834.00259, 834.00259, 834.00259, 50.24507
7.18182, 834.00259, 834.00259, 834.00259, 834.00259, 50.24507
7.18182, 834.00259, 834.00259, 834.00259, 834.00259, 50.24507
7.18182, 834.00259, 834.00259, 834.00259, 834.00259, 50.24507
7.18182, 834.00259, 834.00259, 834.00259, 834.00259, 50.24507
7.18182, 834.00259, 834.00259, 834.00259, 834.00259, 50.24507
7.18182, 834.00259, 834.00259, 834.00259, 834.00259, 50.24507
7.18182, 834.00259, 834.00259, 834.00259, 834.00259, 50.24507
7.18182, 834.00259, 834.00259, 834.00259, 834.00259, 50.24507
7.18182, 834.00259, 834.00259, 834.00259, 834.00259, 50.24507
3.38032, 223.98186, 223.98186, 223.98186, 223.98186, 673.62487
3.38032, 223.98186, 223.98186, 223.98186, 223.98186, 673.62487
1.93394, 224.58261, 224.58261, 224.58261, 224.58261, 675.43162
1.93394, 224.58261, 224.58261, 224.58261, 224.58261, 675.43162
1.93394, 224.58261, 224.58261, 224.58261, 224.58261, 675.43162
0.47447, 55.09840, 55.09840, 55.09840, 55.09840, 847.14651
0.05176, 0.05477, 0.05477, 0.05477, 0.05477, 0.25951
0.05621, 0.05947, 0.05947, 0.05947, 0.05947, 0.28179
0.00132, 128.68387, 128.68387, 128.68387, 128.68387, 160.29423
0.00058, 94.07393, 94.07393, 94.07393, 94.07393, 117.18258
5.83320, 223.10966, 223.10966, 223.10966, 223.10966, 671.00170
0.00050, 80.51917, 80.51917, 80.51917, 80.51917, 174.66771
6.80471, 790.20924, 790.20924, 790.20924, 790.20924, 0.60046
2.64699, 307.38638, 307.38638, 307.38638, 307.38638, 382.89387
5.74890, 667.60198, 667.60198, 667.60198, 667.60198, 121.84824
0.00285, 276.82445, 276.82445, 276.82445, 276.82445, 16.67748
0.00058, 94.07393, 94.07393, 94.07393, 94.07393, 117.18258
0.07603, 0.08045, 0.08045, 0.08045, 0.08045, 0.38118
0.03394, 42.03644, 42.03644, 42.03644, 42.03644, 646.31675
0.00132, 128.68387, 128.68387, 128.68387, 128.68387, 160.29423
0.02045, 0.02164, 0.02164, 0.02164, 0.02164, 0.10253
79.61989, 0.10069, 0.10069, 0.10069, 0.10069, 0.47713
445.71681, 0.11195, 0.11195, 0.11195, 0.11195, 0.53046
4.31840, 501.48237, 501.48237, 501.48237, 501.48237, 265.38703
0.03577, 0.03785, 0.03785, 0.03785, 0.03785, 0.17933
79.61989, 0.10069, 0.10069, 0.10069, 0.10069, 0.47713
3.69550, 429.14700, 429.14700, 429.14700, 429.14700, 78.32632
0.02476, 436.77013, 436.77013, 436.77013, 436.77013, 0.43200
0.00255, 247.75598, 247.75598, 247.75598, 247.75598, 45.21950
6.73560, 446.30413, 446.30413, 446.30413, 446.30413, 26.88790
0.01868, 0.01977, 0.01977, 0.01977, 0.01977, 7.42653
0.05711, 0.06043, 0.06043, 0.06043, 0.06043, 0.28633
6.51865, 756.99106, 756.99106, 756.99106, 756.99106, 45.60545
8.13476, 0.04226, 0.04226, 0.04226, 0.04226, 0.20026
0.07603, 0.08045, 0.08045, 0.08045, 0.08045, 0.38118
0.00033, 53.29899, 53.29899, 53.29899, 53.29899, 160.29659
0.05176, 0.05477, 0.05477, 0.05477, 0.05477, 0.25951
0.00045, 6.31839, 6.31839, 6.31839, 6.31839, 588.65817
0.00058, 94.07393, 94.07393, 94.07393, 94.07393, 117.18258
79.61989, 0.10069, 0.10069, 0.10069, 0.10069, 0.47713
79.61989, 0.10069, 0.10069, 0.10069, 0.10069, 0.47713
0.00132, 128.68387, 128.68387, 128.68387, 128.68387, 160.29423
4.23379, 491.65652, 491.65652, 491.65652, 491.65652, 89.73532
0.02045, 0.02164, 0.02164, 0.02164, 0.02164, 0.10253
1.41254, 54.02731, 54.02731, 54.02731, 54.02731, 830.67824
0.07603, 0.08045, 0.08045, 0.08045, 0.08045, 0.38118
445.71681, 0.11195, 0.11195, 0.11195, 0.11195, 0.53046
0.07603, 0.08045, 0.08045, 0.08045, 0.08045, 0.38118
445.71681, 0.11195, 0.11195, 0.11195, 0.11195, 0.53046
0.02561, 0.02709, 0.02709, 0.02709, 0.02709, 0.12838
1.23480, 296.59501, 296.59501, 296.59501, 296.59501, 361.63849
239.53560, 0.09978, 0.09978, 0.09978, 0.09978, 0.47279
0.05007, 0.05298, 0.05298, 0.05298, 0.05298, 0.25105
0.07603, 0.08045, 0.08045, 0.08045, 0.08045, 0.38118
16.36456, 625.91604, 625.91604, 625.91604, 625.91604, 214.89189
0.00114, 183.11455, 183.11455, 183.11455, 183.11455, 33.42139
6.80471, 790.20924, 790.20924, 790.20924, 790.20924, 0.60046
0.02045, 0.02164, 0.02164, 0.02164, 0.02164, 0.10253
0.00829, 0.00877, 0.00877, 0.00877, 0.00877, 68.10395
1.68916, 329.25866, 329.25866, 329.25866, 329.25866, 60.09507
0.07603, 0.08045, 0.08045, 0.08045, 0.08045, 0.38118
69.25735, 103.74375, 103.74375, 103.74375, 103.74375, 625.41211
0.01868, 0.01977, 0.01977, 0.01977, 0.01977, 7.42653
5.43798, 631.49610, 631.49610, 631.49610, 631.49610, 187.24042
10.39583, 0.03187, 0.03187, 0.03187, 0.03187, 0.15103
0.06289, 0.06654, 0.06654, 0.06654, 0.06654, 0.31529
0.07603, 0.08045, 0.08045, 0.08045, 0.08045, 0.38118
0.00590, 0.00625, 0.00625, 0.00625, 0.00625, 0.02960
4.60877, 176.27730, 176.27730, 176.27730, 176.27730, 530.15353
13.45454, 514.61269, 514.61269, 514.61269, 514.61269, 31.00320
0.00132, 128.68387, 128.68387, 128.68387, 128.68387, 160.29423
0.02045, 0.02164, 0.02164, 0.02164, 0.02164, 0.10253
21.66356, 828.59361, 828.59361, 828.59361, 828.59361, 49.91920
3.23296, 491.08349, 491.08349, 491.08349, 491.08349, 29.58567
0.00820, 336.87244, 336.87244, 336.87244, 336.87244, 61.48471
0.00219, 352.92773, 352.92773, 352.92773, 352.92773, 21.26238
148.00635, 0.11287, 0.11287, 0.11287, 0.11287, 0.53481
0.06289, 0.06654, 0.06654, 0.06654, 0.06654, 0.31529
0.00590, 0.00625, 0.00625, 0.00625, 0.00625, 0.02960
0.00590, 0.00625, 0.00625, 0.00625, 0.00625, 0.02960
0.03577, 0.03785, 0.03785, 0.03785, 0.03785, 0.17933
0.00132, 128.68387, 128.68387, 128.68387, 128.68387, 160.29423
19.28990, 737.80527, 737.80527, 737.80527, 737.80527, 44.44959
6.45268, 749.33001, 749.33001, 749.33001, 749.33001, 136.76494
0.02045, 0.02164, 0.02164, 0.02164, 0.02164, 0.10253
0.02045, 0.02164, 0.02164, 0.02164, 0.02164, 0.10253
7.18182, 834.00259, 834.00259, 834.00259, 834.00259, 50.24507
0.73547, 28.13028, 28.13028, 28.13028, 28.13028, 432.50748
5.18681, 198.38643, 198.38643, 198.38643, 198.38643, 596.64667
10.31751, 394.62670, 394.62670, 394.62670, 394.62670, 491.56421
0.00285, 276.82445, 276.82445, 276.82445, 276.82445, 16.67748
0.00243, 99.81169, 99.81169, 99.81169, 99.81169, 300.18340
0.07603, 0.08045, 0.08045, 0.08045, 0.08045, 0.38118
0.76112, 0.07523, 0.07523, 0.07523, 0.07523, 0.35647
0.00029, 0.01505, 0.01505, 0.01505, 0.01505, 0.07132
239.53560, 0.09978, 0.09978, 0.09978, 0.09978, 0.47279
13.02484, 0.01063, 0.01063, 0.01063, 0.01063, 0.05039
0.07603, 0.08045, 0.08045, 0.08045, 0.08045, 0.38118
3.41246, 396.27794, 396.27794, 396.27794, 396.27794, 23.87404
21.66356, 828.59361, 828.59361, 828.59361, 828.59361, 49.91920
3.59774, 137.60725, 137.60725, 137.60725, 137.60725, 413.85344
5.88550, 762.76776, 762.76776, 762.76776, 762.76776, 45.95348
0.02786, 0.02948, 0.02948, 0.02948, 0.02948, 33.55082
0.00590, 0.00625, 0.00625, 0.00625, 0.00625, 0.02960
0.03577, 0.03785, 0.03785, 0.03785, 0.03785, 0.17933
7.97384, 528.35052, 528.35052, 528.35052, 528.35052, 31.83085
1.92507, 223.55245, 223.55245, 223.55245, 223.55245, 278.46667
3.01359, 115.26460, 115.26460, 115.26460, 115.26460, 346.65800
19.28990, 737.80527, 737.80527, 737.80527, 737.80527, 44.44959
6.17475, 717.05466, 717.05466, 717.05466, 717.05466, 130.87416
59.06420, 0.08531, 0.08531, 0.08531, 0.08531, 0.40426
0.06289, 0.06654, 0.06654, 0.06654, 0.06654, 0.31529
0.00829, 0.00877, 0.00877, 0.00877, 0.00877, 68.10395
0.00429, 176.39809, 176.39809, 176.39809, 176.39809, 219.72914
7.18182, 834.00259, 834.00259, 834.00259, 834.00259, 50.24507
28.06929, 0.08391, 0.08391, 0.08391, 0.08391, 0.39762
0.05176, 0.05477, 0.05477, 0.05477, 0.05477, 0.25951
0.01868, 0.01977, 0.01977, 0.01977, 0.01977, 7.42653
6.82275, 792.30525, 792.30525, 792.30525, 792.30525, 47.73298
13.45454, 514.61269, 514.61269, 514.61269, 514.61269, 31.00320
4.23379, 491.65652, 491.65652, 491.65652, 491.65652, 89.73532
28.06929, 0.08391, 0.08391, 0.08391, 0.08391, 0.39762
7.13924, 829.05802, 829.05802, 829.05802, 829.05802, 49.94718
0.01868, 0.01977, 0.01977, 0.01977, 0.01977, 7.42653
2.23266, 259.27168, 259.27168, 259.27168, 259.27168, 322.96010
141.89984, 0.07999, 0.07999, 0.07999, 0.07999, 0.37904
13.45454, 514.61269, 514.61269, 514.61269, 514.61269, 31.00320
79.61989, 0.10069, 0.10069, 0.10069, 0.10069, 0.47713
0.02045, 0.02164, 0.02164, 0.02164, 0.02164, 0.10253
5.96656, 711.23908, 711.23908, 711.23908, 711.23908, 42.84909
6.80471, 790.20924, 790.20924, 790.20924, 790.20924, 0.60046
6.80471, 790.20924, 790.20924, 790.20924, 790.20924, 0.60046
14.17985, 542.35463, 542.35463, 542.35463, 542.35463, 32.67453
3.42069, 397.23373, 397.23373, 397.23373, 397.23373, 494.81164
6.85444, 0.04282, 0.04282, 0.04282, 0.04282, 48.73507
3.42069, 397.23373, 397.23373, 397.23373, 397.23373, 494.81164
79.61989, 0.10069, 0.10069, 0.10069, 0.10069, 0.47713
0.03577, 0.03785, 0.03785, 0.03785, 0.03785, 0.17933
445.71681, 0.11195, 0.11195, 0.11195, 0.11195, 0.53046
6.45268, 749.33001, 749.33001, 749.33001, 749.33001, 136.76494
0.02045, 0.02164, 0.02164, 0.02164, 0.02164, 0.10253
5.00763, 581.52096, 581.52096, 581.52096, 581.52096, 106.13705
0.00033, 53.29899, 53.29899, 53.29899, 53.29899, 160.29659
0.02045, 0.02164, 0.02164, 0.02164, 0.02164, 0.10253
5.31027, 616.66510, 616.66510, 616.66510, 616.66510, 37.15142
0.05176, 0.05477, 0.05477, 0.05477, 0.05477, 0.25951
0.07603, 0.08045, 0.08045, 0.08045, 0.08045, 0.38118
6.45268, 749.33001, 749.33001, 749.33001, 749.33001, 136.76494
19.46391, 744.46083, 744.46083, 744.46083, 744.46083, 135.87623
16.56773, 632.42091, 632.42091, 632.42091, 632.42091, 38.10064
0.06935, 0.07338, 0.07338, 0.07338, 0.07338, 0.34769
3.05949, 355.28850, 355.28850, 355.28850, 355.28850, 64.84594
79.61989, 0.10069, 0.10069, 0.10069, 0.10069, 0.47713
0.05176, 0.05477, 0.05477, 0.05477, 0.05477, 0.25951
5.00763, 581.52096, 581.52096, 581.52096, 581.52096, 106.13705
0.05007, 0.05298, 0.05298, 0.05298, 0.05298, 0.25105
19.28990, 737.80527, 737.80527, 737.80527, 737.80527, 44.44959
0.06289, 0.06654, 0.06654, 0.06654, 0.06654, 0.31529
444.87293, 75.17813, 75.17813, 75.17813, 75.17813, 0.58416
105.26988, 306.00818, 306.00818, 306.00818, 306.00818, 47.83412
84.29099, 0.08300, 0.08300, 0.08300, 0.08300, 0.39327
0.00240, 232.82239, 232.82239, 232.82239, 232.82239, 35.64478
3.82845, 444.58596, 444.58596, 444.58596, 444.58596, 81.14418
148.00635, 0.11287, 0.11287, 0.11287, 0.11287, 0.53481
4.11898, 478.32434, 478.32434, 478.32434, 478.32434, 28.81698
0.00590, 0.00625, 0.00625, 0.00625, 0.00625, 0.02960
3.42069, 397.23373, 397.23373, 397.23373, 397.23373, 494.81164
0.03577, 0.03785, 0.03785, 0.03785, 0.03785, 0.17933
148.00635, 0.11287, 0.11287, 0.11287, 0.11287, 0.53481
91.39857, 567.45849, 567.45849, 567.45849, 567.45849, 0.50320
0.05176, 0.05477, 0.05477, 0.05477, 0.05477, 0.25951
0.05176, 0.05477, 0.05477, 0.05477, 0.05477, 0.25951
0.07603, 0.08045, 0.08045, 0.08045, 0.08045, 0.38118
0.06289, 0.06654, 0.06654, 0.06654, 0.06654, 0.31529
0.02045, 0.02164, 0.02164, 0.02164, 0.02164, 0.10253
1.43105, 54.73503, 54.73503, 54.73503, 54.73503, 841.55964
3.42069, 397.23373, 397.23373, 397.23373, 397.23373, 494.81164
3.88326, 158.08504, 158.08504, 158.08504, 158.08504, 475.44034
0.05176, 0.05477, 0.05477, 0.05477, 0.05477, 0.25951
0.08047, 31.68267, 31.68267, 31.68267, 31.68267, 0.42648
0.02045, 0.02164, 0.02164, 0.02164, 0.02164, 0.10253
0.00127, 205.01692, 205.01692, 205.01692, 205.01692, 12.35139
1.07147, 124.42665, 124.42665, 124.42665, 124.42665, 374.21283
6.73204, 781.77033, 781.77033, 781.77033, 781.77033, 47.09830
0.05176, 0.05477, 0.05477, 0.05477, 0.05477, 0.25951
0.05126, 0.05424, 0.05424, 0.05424, 0.05424, 209.12326
0.05176, 0.05477, 0.05477, 0.05477, 0.05477, 0.25951
0.00058, 94.07393, 94.07393, 94.07393, 94.07393, 117.18258
3.15501, 366.38203, 366.38203, 366.38203, 366.38203, 456.38143
0.00132, 128.68387, 128.68387, 128.68387, 128.68387, 160.29423
6.80471, 790.20924, 790.20924, 790.20924, 790.20924, 0.60046
0.05176, 0.05477, 0.05477, 0.05477, 0.05477, 0.25951
5.57658, 647.59035, 647.59035, 647.59035, 647.59035, 39.01453
19.46391, 744.46083, 744.46083, 744.46083, 744.46083, 135.87623
20.51052, 784.49190, 784.49190, 784.49190, 784.49190, 0.59612
148.00635, 0.11287, 0.11287, 0.11287, 0.11287, 0.53481
0.00132, 128.68387, 128.68387, 128.68387, 128.68387, 160.29423
0.07603, 0.08045, 0.08045, 0.08045, 0.08045, 0.38118
5.18681, 198.38643, 198.38643, 198.38643, 198.38643, 596.64667
7.86200, 631.81598, 631.81598, 631.81598, 631.81598, 231.16383
0.05176, 0.05477, 0.05477, 0.05477, 0.05477, 0.25951
3.95140, 787.15951, 787.15951, 787.15951, 787.15951, 47.42297
148.00635, 0.11287, 0.11287, 0.11287, 0.11287, 0.53481
6.80471, 790.20924, 790.20924, 790.20924, 790.20924, 0.60046
0.05176, 0.05477, 0.05477, 0.05477, 0.05477, 0.25951
1.93394, 224.58261, 224.58261, 224.58261, 224.58261, 675.43162
445.71681, 0.11195, 0.11195, 0.11195, 0.11195, 0.53046
4.71694, 547.76361, 547.76361, 547.76361, 547.76361, 33.00040
79.61989, 0.10069, 0.10069, 0.10069, 0.10069, 0.47713
0.07603, 0.08045, 0.08045, 0.08045, 0.08045, 0.38118
0.00243, 99.81169, 99.81169, 99.81169, 99.81169, 300.18340
16.78982, 642.18137, 642.18137, 642.18137, 642.18137, 38.68866
0.00285, 276.82445, 276.82445, 276.82445, 276.82445, 16.67748
6.80471, 790.20924, 790.20924, 790.20924, 790.20924, 0.60046
0.05007, 0.05298, 0.05298, 0.05298, 0.05298, 0.25105
7.97384, 528.35052, 528.35052, 528.35052, 528.35052, 31.83085
5.57959, 647.94069, 647.94069, 647.94069, 647.94069, 118.25973
0.00820, 336.87244, 336.87244, 336.87244, 336.87244, 61.48471
6.45268, 749.33001, 749.33001, 749.33001, 749.33001, 136.76494
5.83320, 223.10966, 223.10966, 223.10966, 223.10966, 671.00170
0.00058, 94.07393, 94.07393, 94.07393, 94.07393, 117.18258
79.61989, 0.10069, 0.10069, 0.10069, 0.10069, 0.47713
0.00590, 0.00625, 0.00625, 0.00625, 0.00625, 0.02960
0.06289, 0.06654, 0.06654, 0.06654, 0.06654, 0.31529
148.00635, 0.11287, 0.11287, 0.11287, 0.11287, 0.53481
0.06289, 0.06654, 0.06654, 0.06654, 0.06654, 0.31529
0.03577, 0.03785, 0.03785, 0.03785, 0.03785, 0.17933
0.00820, 336.87244, 336.87244, 336.87244, 336.87244, 61.48471
0.00429, 176.39809, 176.39809, 176.39809, 176.39809, 219.72914
0.01716, 0.01816, 0.01816, 0.01816, 0.01816, 195.07223
148.00635, 0.11287, 0.11287, 0.11287, 0.11287, 0.53481
21.66356, 828.59361, 828.59361, 828.59361, 828.59361, 49.91920
83.39060, 524.43509, 524.43509, 524.43509, 524.43509, 38.16869
1.94445, 225.80320, 225.80320, 225.80320, 225.80320, 281.27030
0.03907, 0.03744, 0.03744, 0.03744, 0.03744, 0.17741
8.11338, 248.21633, 248.21633, 248.21633, 248.21633, 409.07699
36.01163, 0.05988, 0.05988, 0.05988, 0.05988, 0.28373
1.57904, 183.36949, 183.36949, 183.36949, 183.36949, 551.48327
0.00127, 205.01692, 205.01692, 205.01692, 205.01692, 12.35139
0.01257, 24.87758, 24.87758, 24.87758, 24.87758, 357.56269
0.00058, 94.07393, 94.07393, 94.07393, 94.07393, 117.18258
0.00127, 205.01692, 205.01692, 205.01692, 205.01692, 12.35139
0.06935, 0.07338, 0.07338, 0.07338, 0.07338, 0.34769
19.46391, 744.46083, 744.46083, 744.46083, 744.46083, 135.87623
6.45268, 749.33001, 749.33001, 749.33001, 749.33001, 136.76494
0.18473, 0.09071, 0.09071, 0.09071, 0.09071, 0.42981
0.00081, 130.29376, 130.29376, 130.29376, 130.29376, 162.29958
0.05176, 0.05477, 0.05477, 0.05477, 0.05477, 0.25951
6.04778, 702.31032, 702.31032, 702.31032, 702.31032, 128.18308
5.16555, 599.85877, 599.85877, 599.85877, 599.85877, 0.45582
0.00820, 336.87244, 336.87244, 336.87244, 336.87244, 61.48471
11.27888, 747.34410, 747.34410, 747.34410, 747.34410, 136.40247
0.02045, 0.02164, 0.02164, 0.02164, 0.02164, 0.10253
25.37569, 0.08320, 0.08320, 0.08320, 0.08320, 0.39422
0.90748, 105.38266, 105.38266, 105.38266, 105.38266, 316.93808
3.21908, 354.70053, 354.70053, 354.70053, 354.70053, 441.83043
3.69550, 429.14700, 429.14700, 429.14700, 429.14700, 78.32632
0.00914, 375.82029, 375.82029, 375.82029, 375.82029, 22.64156
16.78982, 642.18137, 642.18137, 642.18137, 642.18137, 38.68866
divergence_from_baseline:90.509442913
