
Model: DTLZ_3
Args:
	number of decisions: 40
	number of objectives: 2
Settings: 
{	:candidates 500
 	:era 100
 	:gens 200
 	:lives 1
 	:mutate_prob 0.25
 	:patience 1
 	:retain 0.33
}
 Baseline Population: 
1627.83994, 1763.10181
2372.17077, 1404.81822
596.06153, 4014.00274
1750.47201, 3815.64127
370.15585, 4713.65737
66.65255, 4169.66184
2094.02740, 783.10602
455.00665, 3646.37941
1336.27414, 4095.30124
1491.22440, 2867.57648
1854.29512, 1023.16332
1334.73052, 2763.67771
1266.16111, 3135.11660
2085.39659, 2445.74339
1934.84253, 643.93243
2174.12739, 1648.80093
423.18861, 3619.72738
933.81203, 3243.23465
2314.12070, 862.15083
251.41185, 3991.96007
845.29488, 3368.01682
2298.86324, 1182.83448
323.83639, 4123.09460
1438.10084, 2911.07278
1830.13585, 3295.63224
2174.46600, 2697.14034
511.07248, 3808.44281
2288.48131, 428.85801
2327.70246, 326.31155
1174.48026, 3547.17246
2281.19223, 1842.42734
226.89264, 4955.88440
1702.08810, 1172.80820
1458.38180, 3628.59077
278.81315, 3739.63303
948.51665, 3521.33009
2044.79252, 304.96107
1969.10799, 1834.26588
487.19426, 3835.68584
420.81932, 4277.22166
1895.77829, 1285.29814
300.46465, 4665.04932
183.57313, 4150.34015
1694.62349, 3799.61257
2293.65145, 12.34363
1571.66500, 3751.17145
493.63193, 4622.38297
662.98573, 3846.53375
634.25591, 4909.68121
1882.52828, 1044.17632
613.49151, 4639.09001
451.83418, 3831.41863
2126.54055, 490.66453
2278.00385, 2084.75110
1929.13706, 479.60368
2309.06653, 1052.87209
2090.48789, 2277.60733
2004.93033, 560.66058
621.45187, 3516.64731
1253.10554, 3151.96344
1364.28862, 2867.11653
2204.04903, 1067.65650
869.41197, 3177.89227
389.66317, 4116.90961
678.23210, 3696.82959
2102.83277, 1610.93474
513.32094, 4616.55397
2223.83292, 675.11207
2423.60874, 1142.84647
585.35625, 3483.62137
2078.22961, 307.26492
1028.45220, 3695.08850
32.30974, 3841.16545
2275.90721, 1270.02257
684.84259, 3794.92865
1999.65338, 1408.54144
2221.56908, 1055.44474
2100.30617, 880.82819
2089.01040, 657.81467
517.82029, 4173.77619
1481.10525, 3838.22669
172.49881, 3661.53830
2029.32489, 2084.85608
2124.70161, 1686.70435
2314.61191, 1809.08131
416.53389, 4282.07043
1012.04899, 3870.20414
168.21445, 4018.81256
825.48177, 3945.73268
839.89149, 3439.63129
2161.26145, 3665.88180
605.86558, 3979.08198
2136.77654, 1395.48412
926.45039, 3317.99804
2343.80178, 1892.25519
1613.60500, 3523.76038
418.77166, 3940.19188
1608.27118, 3537.78072
120.73552, 4497.41372
2211.57136, 810.14439
2021.19203, 2181.30768
558.07722, 4527.01774
140.40970, 4365.79699
1488.66079, 3723.96043
2233.65193, 1384.30141
1782.01554, 3245.74349
2179.73645, 1937.33685
1262.52431, 3199.06316
297.79959, 3972.65531
609.84871, 4078.91278
1067.90026, 2873.11623
2084.40925, 662.51149
2134.12182, 28.34666
268.63665, 4524.50639
1356.23612, 4040.80768
71.98062, 4092.29814
1918.08014, 676.78862
332.54275, 3956.33661
2269.79808, 982.59957
1587.10297, 3744.91196
1870.07308, 1557.24171
1941.72249, 1739.70137
1526.63331, 3473.45782
1803.02950, 1447.09332
305.91033, 4114.29451
218.53338, 4307.53403
878.82267, 3895.63025
2006.54707, 1326.21810
1504.42438, 1371.34038
1232.63743, 2507.70617
136.88165, 4133.23173
2222.14234, 949.21541
1511.38073, 4431.30839
1811.15351, 1775.35309
368.59680, 4360.26527
1968.61511, 1124.98450
606.93308, 5067.83438
491.45449, 4631.30096
2099.25306, 823.95973
811.82632, 3301.54362
2393.64338, 1348.32164
2082.83420, 629.69015
1113.20411, 3384.59352
2123.33011, 1968.64474
612.18059, 4849.13680
2145.10453, 1558.89423
2068.83554, 3175.48148
1128.28230, 2933.92271
671.31886, 4421.71131
151.95629, 4270.03753
2130.92027, 1602.92443
2012.18969, 454.80145
1764.75664, 3218.03607
626.08841, 4443.19990
557.90775, 3963.02514
2373.13254, 577.97329
103.46092, 4053.36822
618.59656, 3723.47745
1890.28919, 992.66382
1874.92001, 1724.06191
2036.57115, 2115.79204
2182.66439, 821.17108
869.30608, 3529.26635
2068.60231, 1083.03432
747.18802, 3647.48588
126.70260, 4407.00022
1175.91146, 2972.72455
2082.83978, 1101.97887
1440.03908, 3890.01245
2423.99932, 1186.69039
2185.95441, 1808.88229
1850.39350, 1568.53918
2346.37679, 953.23341
1552.04252, 3575.42955
2221.04045, 2862.75887
1864.97006, 1978.01865
26.54127, 4586.62059
2313.97160, 42.50867
903.12243, 3534.01650
1776.73863, 1715.62477
2271.41320, 3047.23301
840.54688, 4086.94730
225.48471, 4171.21249
878.65320, 3853.21689
533.59600, 3649.31251
2030.94738, 2100.48677
2201.02111, 3037.57045
2449.66611, 1265.49168
812.42077, 3667.34031
1953.08289, 680.11975
1998.26919, 988.90186
560.68369, 4538.23719
2483.27468, 1606.33897
205.70434, 3725.38298
1553.72716, 1704.32545
1062.36791, 2291.21881
2035.98242, 140.13554
284.85709, 4547.86571
319.53939, 3471.58322
1203.24414, 3280.35985
1826.76998, 3161.12503
1556.28880, 3545.44114
1917.59363, 492.16304
156.07285, 4456.02237
1900.07277, 1637.78612
860.26222, 4045.11760
853.69850, 4018.61358
361.29199, 4829.93535
988.90130, 3915.52487
2138.75186, 64.79386
1905.08886, 2065.55442
1296.88620, 3089.01640
879.31014, 3885.65383
1869.49166, 1765.73779
2138.05882, 1485.89486
1241.81727, 2690.63587
127.52846, 3518.37883
926.39651, 3552.64923
2076.64900, 1536.22507
1482.53386, 4086.17788
2357.34043, 569.69297
2060.06017, 359.20233
1853.39542, 1706.43289
2033.71733, 1555.74537
1179.83168, 3143.71844
883.84518, 3614.63646
2249.79890, 43.27312
504.20908, 4160.09354
1653.09737, 1676.83577
2036.73175, 1286.86646
990.21854, 3694.95340
593.28100, 4236.00740
38.67235, 4142.64955
1981.05952, 1024.53960
2164.12315, 1566.97367
263.49850, 4298.21609
2120.49595, 746.88990
2231.06950, 1076.36319
1693.95772, 3911.26778
1903.15502, 1725.90294
1999.14040, 1926.95629
2135.09119, 1648.26260
665.51535, 4255.13222
2072.59659, 1576.73901
665.61539, 3686.16069
890.89532, 3322.18828
1956.11159, 1131.06395
2065.58995, 572.97474
207.34894, 4211.69975
314.24985, 3968.96155
2316.32815, 274.30867
2185.61647, 1050.29160
2039.38713, 1723.55651
340.99543, 4468.14322
575.62469, 4625.96498
1675.52107, 1432.72833
2242.44517, 1947.88075
1071.50028, 3165.57810
1335.53822, 3184.04560
1300.57171, 2585.46759
422.49714, 4516.13462
2238.35670, 951.11551
1320.04595, 3163.57889
1592.11659, 3435.14711
680.14969, 4284.86855
1832.97830, 3125.92201
265.23320, 5591.07325
2149.93456, 1968.90331
18.43019, 4378.75153
700.92341, 4216.24969
1211.04971, 3289.48607
2086.24590, 635.03065
110.31641, 3959.66806
2275.00784, 644.48141
56.29428, 4452.97898
758.41468, 4091.33716
1326.35943, 2829.54970
1996.80507, 1905.30934
2060.47465, 2647.53191
1991.64247, 1193.98321
465.82256, 4443.33271
2239.26906, 1186.66980
218.06059, 4610.65249
71.09627, 4507.81227
2321.92980, 723.62854
223.53553, 4357.50931
903.52401, 3467.17372
307.89500, 4898.82278
1079.75449, 2955.09963
85.33289, 5001.62865
693.11674, 3611.23064
2149.03795, 1722.22889
1028.63461, 3232.71307
607.88580, 3851.90270
505.69685, 4180.46185
1125.15924, 3159.19607
1937.68702, 1190.48925
1297.09193, 3155.26713
1913.61793, 1230.82725
2455.76156, 1239.34419
1977.95733, 760.21340
2168.94445, 2877.05326
1449.57072, 3856.12050
1948.44508, 1875.03635
1063.63970, 3597.09286
280.71788, 4066.16428
2058.86031, 685.36907
466.86036, 4029.26437
886.41718, 3840.30520
678.56984, 4847.14737
536.45210, 4121.62544
997.54889, 2724.86727
239.44235, 4334.93448
1896.49956, 1741.25375
1440.79889, 2946.34408
1987.14962, 2618.22907
426.31396, 4168.35070
2044.21695, 725.58731
214.57469, 4029.89198
1866.90549, 3005.20724
1121.30291, 3428.83080
211.57495, 5014.83041
79.33646, 4637.10211
2089.11766, 908.69382
166.75002, 4202.42973
2254.42116, 2984.70918
308.38801, 4596.38512
497.12126, 4315.15071
714.25534, 3670.07980
1477.86043, 2832.95449
69.39782, 4418.15062
2424.57338, 1019.93214
2343.71777, 1193.59790
1224.30308, 3035.77006
2246.14926, 965.76435
1907.01017, 1888.29930
2395.74740, 926.03734
705.70641, 3965.55540
2298.22221, 896.79752
771.80190, 3524.49443
811.79548, 3765.46099
227.50080, 4214.31507
2198.34495, 1501.57643
36.45491, 4130.64690
25.50133, 4986.09498
1649.23184, 3385.50128
993.93839, 3899.11450
1885.72637, 1014.80217
774.20426, 4758.96048
2299.75020, 1698.56991
1616.00585, 1877.90136
2224.64778, 1224.20461
1390.90190, 3907.71443
105.80413, 4026.80953
1807.12458, 1554.87803
2332.83804, 638.74498
2250.66902, 2172.30713
207.12099, 4595.78796
583.68226, 3546.81356
326.87075, 3656.50551
676.35063, 3221.30007
2201.44781, 1045.26986
644.87484, 4154.53814
2116.00103, 1264.19485
2115.58946, 1606.28719
2189.94710, 81.43849
314.74224, 5433.07965
1499.12060, 3957.88454
2273.53719, 1703.06556
2142.37897, 41.27061
981.15669, 3831.70485
1546.80540, 3816.25826
1089.43233, 2830.37779
1921.00634, 1216.04648
1395.69297, 2891.37079
1340.55363, 3982.67096
1973.41141, 2056.50065
240.31756, 4230.56423
2267.51976, 60.98066
1080.68725, 2935.68559
2215.67721, 733.07888
1412.84511, 2966.64547
1955.93935, 1878.12101
2245.70918, 1455.08350
2215.23320, 159.67707
2192.35467, 1722.11489
1944.09477, 2090.99833
2062.32099, 1054.32181
1797.54011, 3181.88129
297.14342, 4292.93286
195.99125, 4060.57292
2233.49435, 928.14413
1408.60133, 2931.13591
943.84402, 3671.49186
399.32396, 4116.61517
880.19774, 3424.73803
243.40843, 3861.93441
206.50665, 4124.70477
583.55416, 3513.94379
707.03477, 3821.23119
2356.91755, 411.44418
1805.69839, 3213.68947
1732.64735, 1783.87913
2309.23088, 574.02421
2217.52836, 720.04834
568.32043, 4733.62711
1143.31004, 2495.15234
2099.15996, 864.08020
692.47875, 3767.64028
1998.47250, 989.88591
1440.74055, 4204.34907
2275.56263, 780.93676
536.87755, 4588.72075
2057.97796, 1406.82483
268.08324, 4190.23239
2269.19351, 577.22849
1271.24546, 3232.82372
1777.66838, 1440.68448
2129.64236, 2211.59268
2143.68306, 2240.72693
916.60623, 3811.91745
1896.31002, 1842.05280
2336.32239, 818.09694
1154.59795, 3499.43227
2209.72359, 1168.95432
2203.68781, 2859.18764
2162.61687, 739.34677
1076.43945, 3531.50788
148.20266, 4960.17077
515.45841, 3254.12428
991.55780, 3637.02324
2020.02767, 3011.92311
1153.62075, 3488.85078
499.29085, 4230.07751
2253.67430, 277.02489
1118.80102, 2913.56236
568.46737, 4233.22604
1968.01194, 1975.01054
1202.88203, 3196.96109
2148.73824, 826.12634
885.11514, 3530.84822
506.34104, 4168.74945
2188.80637, 1310.65058
2043.87536, 668.44450
891.97480, 3890.96407
2035.51349, 996.83168
2100.76221, 1000.72536
118.52031, 4488.89330
316.91682, 4680.70875
67.61904, 4085.15515
1183.37635, 3165.33736
2205.74424, 761.46335
2124.51821, 1851.67735
2232.75135, 1364.08338
2134.46853, 21.40026
61.18940, 4818.26238
369.48685, 4454.53260
1427.28644, 4323.40254
263.36668, 4056.78226
899.26967, 3865.61869
1900.93809, 1187.29384
2115.47496, 682.32679
2133.98792, 1316.01509
218.42493, 5303.19800
1947.01161, 1590.21931
458.36723, 3748.91259
373.05708, 3716.03756
1041.40346, 3542.21558
2100.93164, 2323.48134
14.80673, 3015.67735
77.95426, 4125.40159
320.21223, 4050.17746
119.09233, 4514.19720
1217.77694, 3185.44132
1023.35661, 2771.30654
211.34487, 4345.62392
596.69830, 3763.28188
2120.57311, 1677.01725
212.38807, 3367.66058
1125.43701, 3566.96620
2324.28342, 38.54525
2096.00309, 39.19576
1966.46671, 632.53610
981.99226, 3648.78297
148.44243, 4415.97847
722.25405, 3393.71456
2076.99692, 1205.28158
1962.37225, 1416.94503
1018.04123, 3669.41372
326.89649, 4020.66592
400.34026, 4633.08998
128.10167, 4276.63505
539.59742, 3796.72261
1837.97581, 1138.20876
301.80959, 3404.22365
630.90137, 4745.88240
2192.04575, 2061.05246
1007.92765, 3609.44272
2092.54144, 444.15488
1639.57767, 3633.20315

 Final Population: 
2.19113, 446.26643
2.19113, 446.26643
2.19113, 446.26643
2.19113, 446.26643
2.19113, 446.26643
2.19113, 446.26643
2.19113, 446.26643
2.19113, 446.26643
2.19113, 446.26643
2.19113, 446.26643
2.19113, 446.26643
2.19113, 446.26643
2.19113, 446.26643
2.19113, 446.26643
2.19113, 446.26643
2.19113, 446.26643
2.19113, 446.26643
2.19113, 446.26643
2.19113, 446.26643
2.19113, 446.26643
2.19113, 446.26643
2.19113, 446.26643
2.19113, 446.26643
2.19113, 446.26643
2.19113, 446.26643
2.19113, 446.26643
2.19113, 446.26643
2.19113, 446.26643
2.19113, 446.26643
2.19113, 446.26643
2.19113, 446.26643
2.19113, 446.26643
2.19113, 446.26643
2.19113, 446.26643
2.19113, 446.26643
2.19113, 446.26643
2.19113, 446.26643
2.19113, 446.26643
2.19113, 446.26643
2.19113, 446.26643
2.19113, 446.26643
2.19113, 446.26643
2.19113, 446.26643
2.19113, 446.26643
2.19113, 446.26643
2.19113, 446.26643
2.19113, 446.26643
2.19113, 446.26643
2.19113, 446.26643
2.19113, 446.26643
2.19113, 446.26643
2.19113, 446.26643
2.19113, 446.26643
2.19113, 446.26643
2.19113, 446.26643
2.19113, 446.26643
2.19113, 446.26643
2.19113, 446.26643
2.19113, 446.26643
2.19113, 446.26643
2.19113, 446.26643
2.19113, 446.26643
2.19113, 446.26643
2.19113, 446.26643
2.19113, 446.26643
2.19113, 446.26643
2.19113, 446.26643
2.19113, 446.26643
2.19113, 446.26643
2.19113, 446.26643
2.19113, 446.26643
2.19113, 446.26643
2.19113, 446.26643
2.19113, 446.26643
2.19113, 446.26643
2.19113, 446.26643
2.19113, 446.26643
2.19113, 446.26643
2.19113, 446.26643
2.19113, 446.26643
2.19113, 446.26643
2.19113, 446.26643
2.19113, 446.26643
2.19113, 446.26643
2.19113, 446.26643
2.19113, 446.26643
2.19113, 446.26643
2.19113, 446.26643
2.19113, 446.26643
2.19113, 446.26643
2.19113, 446.26643
2.19113, 446.26643
2.19113, 446.26643
2.19113, 446.26643
2.19113, 446.26643
2.19113, 446.26643
2.19113, 446.26643
2.19113, 446.26643
2.19113, 446.26643
2.19113, 446.26643
2.19113, 446.26643
2.19113, 446.26643
2.19113, 446.26643
2.19113, 446.26643
2.19113, 446.26643
2.19113, 446.26643
2.19113, 446.26643
2.19113, 446.26643
2.19113, 446.26643
2.19113, 446.26643
2.19113, 446.26643
2.19113, 446.26643
2.19113, 446.26643
2.19113, 446.26643
2.19113, 446.26643
2.19113, 446.26643
2.19113, 446.26643
2.19113, 446.26643
2.19113, 446.26643
2.19113, 446.26643
2.19113, 446.26643
2.19113, 446.26643
2.19113, 446.26643
2.19113, 446.26643
2.19113, 446.26643
2.19113, 446.26643
2.19113, 446.26643
2.19113, 446.26643
2.19113, 446.26643
2.19113, 446.26643
2.19113, 446.26643
2.19113, 446.26643
2.19113, 446.26643
2.19113, 446.26643
2.19113, 446.26643
2.19113, 446.26643
2.19113, 446.26643
2.19113, 446.26643
2.19113, 446.26643
2.19113, 446.26643
2.19113, 446.26643
2.19113, 446.26643
2.19113, 446.26643
2.19113, 446.26643
2.19113, 446.26643
2.19113, 446.26643
2.19113, 446.26643
2.19113, 446.26643
2.19113, 446.26643
2.19113, 446.26643
2.19113, 446.26643
2.19113, 446.26643
2.19113, 446.26643
2.19113, 446.26643
2.19113, 446.26643
2.19113, 446.26643
2.19113, 446.26643
2.19113, 446.26643
2.19113, 446.26643
2.19113, 446.26643
2.19113, 446.26643
2.19113, 446.26643
2.19113, 446.26643
2.19113, 446.26643
2.19113, 446.26643
1652.84643, 4846.08023
1652.84643, 4846.08023
1652.84643, 4846.08023
1652.84643, 4846.08023
1652.84643, 4846.08023
1652.84643, 4846.08023
1652.84643, 4846.08023
1652.84643, 4846.08023
1652.84643, 4846.08023
1652.84643, 4846.08023
1652.84643, 4846.08023
1652.84643, 4846.08023
1652.84643, 4846.08023
1652.84643, 4846.08023
1652.84643, 4846.08023
1652.84643, 4846.08023
1652.84643, 4846.08023
1652.84643, 4846.08023
1652.84643, 4846.08023
1652.84643, 4846.08023
1652.84643, 4846.08023
1652.84643, 4846.08023
1652.84643, 4846.08023
1652.84643, 4846.08023
1652.84643, 4846.08023
1652.84643, 4846.08023
1652.84643, 4846.08023
1652.84643, 4846.08023
1652.84643, 4846.08023
1652.84643, 4846.08023
1652.84643, 4846.08023
1652.84643, 4846.08023
1652.84643, 4846.08023
1652.84643, 4846.08023
1652.84643, 4846.08023
1652.84643, 4846.08023
1652.84643, 4846.08023
1652.84643, 4846.08023
1652.84643, 4846.08023
1652.84643, 4846.08023
1652.84643, 4846.08023
1652.84643, 4846.08023
1652.84643, 4846.08023
1652.84643, 4846.08023
1652.84643, 4846.08023
1652.84643, 4846.08023
1652.84643, 4846.08023
1652.84643, 4846.08023
1652.84643, 4846.08023
1652.84643, 4846.08023
1652.88551, 4846.19480
1659.61373, 4843.06176
1653.87973, 4849.10983
1653.87973, 4849.10983
1653.87973, 4849.10983
1659.92143, 4843.95969
1654.34764, 4850.48172
1654.34764, 4850.48172
1654.36106, 4850.52105
1660.23309, 4844.86915
1654.69405, 4851.49739
1654.69405, 4851.49739
1654.84482, 4851.93944
1654.84482, 4851.93944
1654.84482, 4851.93944
1654.84482, 4851.93944
1654.84482, 4851.93944
1654.84482, 4851.93944
1654.84482, 4851.93944
1654.84482, 4851.93944
1654.84482, 4851.93944
1654.84482, 4851.93944
1654.84482, 4851.93944
1654.84482, 4851.93944
1654.84482, 4851.93944
1654.84482, 4851.93944
1654.84482, 4851.93944
1654.84482, 4851.93944
1655.31142, 4853.30749
1655.46219, 4853.74954
1655.46219, 4853.74954
1664.29160, 4856.71265
343.45552, 1006.99798
816.14529, 2392.90564
1146.73566, 3362.18350
2.19113, 446.26643
615.39931, 1804.32639
21.88729, 4457.77128
10.42722, 2123.70611
1477.58987, 4332.23495
18.85459, 3840.10247
20.45055, 4165.15165
1347.01623, 3949.39819
1533.08252, 4494.93720
14.11881, 2875.56992
1585.68794, 4649.17421
16.64658, 3390.39799
7.89600, 1608.17326
8.36547, 1703.78938
1551.68487, 4549.47853
4.37785, 891.63415
453.94093, 1330.93682
7.15897, 1458.06278
8.96055, 1824.98938
402.16186, 1179.12263
16.80559, 3422.78461
17.18605, 3500.27135
15.85773, 3229.73343
1652.84643, 4846.08023
23.08223, 4701.14422
1503.58598, 4408.45451
21.88729, 4457.77128
1493.52267, 4378.94927
1170.03385, 3430.49287
286.74985, 840.73920
741.07032, 2172.78881
13.32881, 2714.66995
10.01197, 2039.13255
1146.73566, 3362.18350
290.18824, 3753.24963
3.95389, 805.28562
1652.69566, 4845.63818
926.61637, 2716.80248
1652.84643, 4846.08023
8.92573, 1817.89715
231.23168, 677.96213
672.03270, 1970.37325
9.24225, 1882.36371
968.33668, 2839.12478
9.12264, 1858.00193
11.41790, 2325.47693
11.85091, 2413.66729
1266.35927, 3712.91521
9.27707, 1889.45594
1645.98196, 4825.95388
1542.60406, 4522.85397
1347.01623, 3949.39819
18.11228, 3688.91581
447.82393, 1313.00201
4.41267, 898.72638
1130.23924, 3313.81667
453.94093, 1330.93682
1635.24385, 4794.47018
805.39233, 2361.37841
3.62209, 737.70949
792.31330, 2323.03120
21.88729, 4457.77128
11.25944, 2293.20366
1652.00389, 4843.60993
1652.84643, 4846.08023
1015.67219, 2977.91060
1123.33749, 3293.58102
2.19113, 446.26643
20.48538, 4172.24388
1613.80553, 4731.61386
14.44695, 2942.40108
3.62209, 737.70949
8.36547, 1703.78938
519.55500, 1523.31467
11.71383, 2385.74806
524.51501, 1537.85722
1502.62364, 4405.63296
1546.20214, 4533.40341
7.10211, 1446.48204
1326.21474, 3888.40905
862.22850, 2528.01980
2227.25962, 3571.41480
1015.67219, 2977.91060
3.11879, 635.20147
38.17692, 2505.76048
1527.35427, 4478.14219
13.31871, 2712.61239
15.85773, 3229.73343
1565.48170, 4568.36697
1632.80253, 4787.31230
7.15897, 1458.06278
454.26892, 1331.89847
16.00259, 3259.23674
1527.35427, 4478.14219
1501.06615, 4401.06648
13.29399, 2707.57772
1630.53006, 4780.64950
1090.54030, 3197.42093
6.27863, 1278.76468
13.29399, 2707.57772
8.33064, 1696.69715
12.45832, 2537.37893
1600.64313, 4693.02221
808.51673, 5380.71871
29.70456, 3949.60636
1326.21474, 3888.40905
7.52027, 1531.64817
21.00698, 4278.47757
15.03102, 3061.35805
1616.39422, 4739.20379
12.47553, 2540.88265
1470.41604, 4311.20156
1652.84643, 4846.08023
539.23035, 2066.45389
14.11881, 2875.56992
1281.83303, 3758.28363
1127.99865, 3307.24733
9.52119, 1939.17529
10.67098, 2173.35082
643.10494, 1885.55819
1652.84643, 4846.08023
856.78218, 2500.24988
14.11881, 2875.56992
6.24381, 1271.67245
1350.59176, 3959.88152
1556.72033, 4564.24232
7.13693, 1453.57427
1367.75053, 4010.19035
602.83018, 1767.47421
1570.72593, 4605.30618
1652.84643, 4846.08023
1470.41604, 4311.20156
15.03102, 3061.35805
14.12792, 2877.42375
753.58907, 2209.49328
7.65717, 1559.53132
1557.35759, 3223.67650
20.92848, 4262.49055
231.23168, 677.96213
577.54126, 1693.32809
4.42316, 900.86123
509.23857, 1493.06730
1420.27011, 4164.17568
20.92848, 4262.49055
14.70984, 2995.94480
20.45055, 4165.15165
4.56141, 929.02008
1065.62784, 3124.37858
6.38207, 1299.83251
721.93751, 2116.69217
604.96864, 1773.74407
1300.51004, 3813.04391
402.16186, 1179.12263
7.52027, 1531.64817
579.29950, 1698.48318
19.78602, 4029.80713
862.22850, 2528.01980
696.55840, 2042.28163
735.83702, 2157.44498
8.33064, 1696.69715
852.69697, 2724.78797
9.78550, 1993.00727
1283.97861, 3764.57440
19.78602, 4029.80713
6.16799, 3461.14850
14.11881, 2875.56992
8.01043, 1675.56276
1328.00920, 3893.67035
15.96776, 3252.14451
20.92848, 4262.49055
588.05742, 2590.75485
968.33668, 2839.12478
14.11881, 2875.56992
9.12264, 1858.00193
11.43693, 2329.35170
577.54126, 1693.32809
3.95389, 805.28562
1065.62784, 3124.37858
11.01019, 2242.43759
1015.67219, 2977.91060
1065.62784, 3124.37858
11.80340, 2403.99178
1527.35427, 4478.14219
11.41790, 2325.47693
1193.69297, 3499.86048
1470.41604, 4311.20156
1651.02536, 4840.74092
968.33668, 2839.12478
22.11867, 4504.89465
1016.41211, 2980.08003
6.27863, 1278.76468
7.92183, 1613.43460
912.50810, 2228.06423
862.22850, 2528.01980
14.11881, 2875.56992
134.76173, 395.11605
2.19113, 446.26643
845.66373, 2571.85428
17.70042, 3605.03380
1033.11352, 3014.81752
8.36547, 1703.78938
1589.75589, 4661.10126
643.10494, 1885.55819
3.62209, 737.70949
8.07302, 1644.22680
1193.69297, 3499.86048
1570.72593, 4605.30618
68.87840, 1932.64524
1248.19440, 3659.65652
16.77077, 3415.69238
1527.35427, 4478.14219
681.05836, 1996.83613
1097.36153, 3217.42051
1652.84643, 4846.08023
6.24381, 1271.67245
1631.72076, 4784.14060
1367.75053, 4010.19035
1627.91429, 4772.98019
17.22087, 3507.36358
1437.86679, 4215.76846
1536.52805, 4505.03935
21.85247, 4450.67904
604.96864, 1773.74407
8.07002, 1643.61606
1356.42774, 3976.99239
15.23608, 3103.12337
1585.68794, 4649.17421
22.15349, 4511.98688
17.73706, 3612.49680
1036.59598, 3039.25832
1277.50439, 1105.93385
1470.41604, 4311.20156
1420.27011, 4164.17568
1020.73715, 2992.76086
17.22087, 3507.36358
134.76173, 395.11605
968.33668, 2839.12478
23.08223, 4701.14422
816.14529, 2392.90564
21.85247, 4450.67904
16.33719, 3327.38419
1193.69297, 3499.86048
1414.67510, 4147.77132
1526.25555, 4474.92078
1515.88671, 4444.51976
2692.50098, 33.67995
3.39620, 691.70201
1547.51792, 4515.94530
2.19113, 446.26643
1193.69297, 3499.86048
divergence_from_baseline:903.483315609
