
Model: DTLZ_5
Args:
	number of decisions: 10
	number of objectives: 3Settings: 
{	:better <function lt at 0x107b0f1b8>
 	:candidates 500
 	:era 100
 	:gens 500
 	:lives 3
 	:mutate_prob 0.25
 	:patience 3
 	:retain 0.33
}
 Baseline Population: 
0.23081, 0.08209, 1.09716
0.12852, 0.09011, 1.02620
0.12008, 0.03009, 1.36876
0.12107, 0.07687, 1.00129
0.08672, 0.09065, 1.08236
0.08059, 0.04155, 1.15066
0.12684, 0.05683, 1.07595
0.11222, 0.06473, 0.95588
0.11009, 0.06401, 0.95766
0.05866, 0.04363, 1.16580
0.12368, 0.06483, 1.00220
0.18354, 0.06754, 1.19860
0.24966, 0.06677, 1.22470
0.22334, 0.12875, 1.08234
0.55073, 0.13498, 1.18926
0.10894, 0.05005, 1.11016
0.19882, 0.04441, 1.35565
0.11009, 0.06949, 1.02626
-0.00009, -0.00405, 1.46839
0.13478, 0.05585, 1.11044
-0.00557, 0.12117, 1.35292
0.23825, 0.06308, 1.28803
0.07399, 0.04010, 1.16433
0.09532, 0.08187, 1.10244
0.09825, 0.06349, 1.01887
0.19480, 0.14077, 1.07241
0.15108, 0.04966, 1.24289
0.00730, 0.00740, 1.43612
0.21081, 0.08590, 1.17542
0.07185, 0.07202, 1.10673
0.25823, 0.18018, 1.08487
0.07633, 0.02336, 1.30589
0.09799, 0.02310, 1.36847
0.08803, 0.06259, 1.06347
0.14411, 0.06954, 1.01850
0.15965, 0.06832, 1.05335
0.24603, 0.11439, 1.05870
0.10933, 0.08189, 1.05984
0.09204, 0.05155, 1.09099
0.08889, 0.05157, 1.10189
0.45149, 0.13833, 1.12902
-0.09674, 0.26363, 1.13178
0.04638, 0.07164, 1.28881
0.11977, 0.07353, 0.99099
0.33796, 0.15225, 1.13351
0.10045, 0.05826, 1.05189
0.07631, 0.05281, 1.16174
-0.00807, 0.02805, 1.50405
0.01352, 0.05985, 1.33921
0.21813, 0.11066, 1.12177
0.29094, 0.14797, 1.13996
0.12186, 0.07142, 1.01379
0.63183, 0.13735, 1.13674
0.10251, 0.06137, 1.04470
0.06096, 0.06828, 1.13503
0.26595, 0.09456, 1.11365
0.18695, 0.12218, 1.14353
0.29016, 0.07776, 1.20131
0.06099, 0.03266, 1.19586
0.10582, 0.07796, 1.04365
0.10652, 0.08123, 1.03293
0.42190, 0.13776, 1.07488
0.55212, 0.13892, 1.15886
0.11422, 0.06614, 0.96258
0.30606, 0.07899, 1.24136
0.27732, 0.13180, 1.10521
0.11097, 0.06320, 0.97404
0.11670, 0.06518, 1.11510
0.35921, 0.09102, 1.27097
0.13823, 0.06774, 1.01427
0.13497, 0.03388, 1.30375
-0.00614, -0.00739, 1.41877
0.10567, 0.06564, 0.99382
0.04230, 0.03300, 1.21581
0.11548, 0.06511, 0.99244
0.31355, 0.12430, 1.10908
0.22854, 0.09193, 1.11275
0.43084, 0.16006, 1.11915
0.05643, 0.08336, 1.14234
0.13612, 0.06767, 1.02023
0.15294, 0.07110, 1.03485
0.02247, 0.03461, 1.40137
0.26540, 0.11844, 1.05294
0.15183, 0.09906, 1.03578
0.16956, 0.15153, 1.14149
0.40262, 0.10905, 1.22259
0.54871, 0.13699, 1.09356
0.13034, 0.06808, 1.05158
0.07643, 0.05168, 1.10959
0.12366, 0.06884, 0.97829
0.12189, 0.06620, 1.00612
0.06331, 0.04385, 1.15968
0.12609, 0.11343, 1.17699
0.11389, 0.09658, 1.09119
0.27564, 0.12671, 1.05387
0.51336, 0.10970, 1.18768
0.15385, 0.16324, 1.09165
0.09793, 0.05300, 1.13312
0.00752, 0.03260, 1.43449
0.07200, 0.03372, 1.19358
0.10933, 0.06372, 0.95806
0.08960, 0.05783, 1.10962
0.28098, 0.10215, 1.07781
0.15237, 0.08566, 1.05335
0.11269, 0.07206, 1.00886
0.09513, 0.05471, 1.07853
0.01879, 0.00774, 1.43518
0.29991, 0.11523, 1.09300
0.10178, 0.06109, 1.02133
0.26772, 0.12027, 1.06266
0.11197, 0.06505, 0.95627
0.07682, 0.14166, 1.18841
0.14938, 0.08142, 1.01215
0.47245, 0.13714, 1.08722
0.13098, 0.06079, 1.08304
-0.04460, -0.00943, 1.47593
0.21997, 0.05823, 1.34382
0.11024, 0.06383, 0.95113
0.09676, 0.04468, 1.13786
0.23417, 0.06431, 1.21325
0.16984, 0.08028, 1.02960
0.11754, 0.08037, 1.03161
0.07088, 0.04539, 1.17244
0.04752, 0.09773, 1.15691
0.24199, 0.08479, 1.20112
0.23935, 0.06440, 1.26858
0.12077, 0.05858, 1.05112
0.06678, 0.03683, 1.19723
0.07752, 0.07680, 1.09593
0.01496, 0.09906, 1.33349
0.21129, 0.13934, 1.09752
0.11929, 0.06635, 0.97139
0.16765, 0.09810, 1.03216
0.10265, 0.06824, 1.01006
-0.05630, 0.19658, 1.27360
0.06526, 0.06192, 1.27815
-0.01172, -0.00412, 1.45250
0.07901, 0.11027, 1.11143
0.06376, 0.05460, 1.17846
0.04441, 0.05081, 1.20103
-0.00230, 0.05435, 1.42597
0.13935, 0.05606, 1.10642
0.14495, 0.06909, 1.03040
0.02349, 0.03126, 1.36015
0.11182, 0.06831, 0.98634
0.00722, 0.00760, 1.41417
0.22140, 0.05855, 1.26967
0.11154, 0.02922, 1.36562
0.11581, 0.06065, 1.09282
0.10965, 0.06382, 0.98416
0.10187, 0.09029, 1.05682
0.10221, 0.10958, 1.08099
0.11473, 0.05698, 1.08717
0.12387, 0.05686, 1.08975
0.08198, 0.04583, 1.12864
0.10760, 0.06838, 1.00498
0.09771, 0.08115, 1.05978
0.38350, 0.10181, 1.13631
0.21677, 0.20420, 1.11554
0.27947, 0.16856, 1.13022
0.31872, 0.11626, 1.07806
0.05608, 0.03399, 1.20667
0.14172, 0.07476, 1.00696
0.04511, 0.15906, 1.20516
0.11279, 0.04946, 1.12587
0.12544, 0.06835, 0.98228
-0.00268, 0.02987, 1.47727
0.05743, 0.09114, 1.14448
-0.04172, 0.22225, 1.23750
0.02301, 0.09140, 1.30001
0.03602, 0.04175, 1.34804
0.20724, 0.09900, 1.13221
0.11181, 0.08250, 1.08731
0.12825, 0.03895, 1.29887
0.08241, 0.08548, 1.10259
0.41522, 0.11494, 1.20270
0.12632, 0.05236, 1.12382
0.09094, 0.02312, 1.33305
0.11276, 0.05922, 1.03251
0.11024, 0.07126, 1.04365
0.07327, 0.17844, 1.15332
0.37659, 0.09611, 1.15078
0.30412, 0.10462, 1.13177
0.14654, 0.06868, 1.07407
0.12008, 0.03872, 1.34122
0.10689, 0.06442, 0.99221
0.10717, 0.08711, 1.04745
0.11594, 0.07344, 1.09056
0.14023, 0.09759, 1.05868
0.08894, 0.04113, 1.29347
0.08242, 0.05251, 1.13288
0.07459, 0.02906, 1.36696
0.11624, 0.06518, 0.97103
0.10353, 0.06231, 1.00493
0.10325, 0.06889, 1.01590
0.45625, 0.09617, 1.30298
0.13814, 0.07279, 1.02455
0.01892, 0.00444, 1.41436
0.09829, 0.05770, 1.04634
0.17788, 0.08505, 1.17117
0.07063, 0.04750, 1.13340
0.00305, 0.00081, 1.40714
-0.06321, -0.01228, 1.57343
0.14555, 0.14370, 1.16917
0.11046, 0.06346, 0.95983
0.27445, 0.08709, 1.20070
0.61575, 0.12378, 1.12491
0.15511, 0.08880, 1.02002
0.11021, 0.06315, 0.98924
0.10659, 0.06729, 1.00495
0.24774, 0.08489, 1.09675
0.03898, 0.01580, 1.38319
0.10859, 0.07142, 1.04496
-0.00145, 0.05531, 1.40293
0.11619, 0.05739, 1.06363
0.29084, 0.11789, 1.09098
0.24733, 0.09243, 1.12182
0.10259, 0.03056, 1.28426
0.03689, 0.00772, 1.48188
0.24144, 0.08099, 1.15146
0.00278, 0.02408, 1.42950
-0.00295, 0.09555, 1.39633
0.25524, 0.08954, 1.15672
0.12277, 0.07459, 0.99126
0.38334, 0.13275, 1.06956
0.10771, 0.06453, 0.97122
0.04136, 0.25172, 1.11875
0.09754, 0.06112, 1.02590
0.12021, 0.16288, 1.15915
0.01020, 0.13237, 1.26873
0.11272, 0.05538, 1.08376
0.08679, 0.06123, 1.07624
0.16510, 0.06409, 1.21434
0.10388, 0.06388, 0.99282
0.12175, 0.17127, 1.12582
0.08856, 0.07214, 1.06486
0.11901, 0.06769, 0.98668
0.09386, 0.06544, 1.03845
0.24180, 0.07417, 1.24773
0.44386, 0.11223, 1.22079
0.38496, 0.11095, 1.10950
0.25155, 0.07761, 1.12957
0.09056, 0.13885, 1.21296
0.11266, 0.06619, 0.96328
0.04242, 0.04730, 1.20214
0.18810, 0.11647, 1.12705
0.11008, 0.06402, 0.97394
0.11077, 0.05480, 1.06934
0.07236, 0.05622, 1.11278
0.33784, 0.09642, 1.16660
0.13751, 0.06993, 1.00506
-0.01348, -0.01487, 1.45391
0.11218, 0.06396, 0.95802
0.07793, 0.06602, 1.11658
0.12450, 0.08547, 1.02147
0.08066, 0.05833, 1.08915
0.12145, 0.06926, 0.99802
0.12925, 0.06514, 1.07878
0.10646, 0.06191, 1.01262
0.07969, 0.07146, 1.08465
0.18848, 0.10291, 1.13762
0.13451, 0.07483, 1.00263
0.23734, 0.09389, 1.08504
0.08357, 0.04296, 1.14210
-0.00975, 0.14042, 1.32046
0.11063, 0.06069, 1.02056
0.21444, 0.08008, 1.12584
0.03042, 0.00755, 1.41856
0.26702, 0.08036, 1.21751
0.10379, 0.05221, 1.09157
0.10972, 0.06394, 0.95284
0.05988, 0.05862, 1.14974
0.10989, 0.07264, 1.00294
-0.00152, 0.01667, 1.42252
0.09388, 0.04756, 1.14380
0.08897, 0.04764, 1.12136
0.14693, 0.08526, 1.01267
0.08569, 0.04799, 1.11594
0.10973, 0.06279, 0.97737
0.09650, 0.06949, 1.06016
0.07011, 0.04805, 1.13177
0.53915, 0.14064, 1.08991
0.07464, 0.06287, 1.11551
0.26751, 0.12682, 1.04736
0.12324, 0.12443, 1.17539
0.13960, 0.05826, 1.09670
0.10648, 0.09168, 1.06157
0.27180, 0.07004, 1.25241
0.33854, 0.11819, 1.17477
0.22849, 0.09854, 1.14287
0.29897, 0.11685, 1.06697
0.15819, 0.07885, 1.02183
0.04745, 0.05494, 1.19069
0.02573, -0.05030, 1.64154
0.00166, -0.02031, 1.47600
0.14562, 0.06665, 1.03548
0.00166, 0.00039, 1.41183
0.25070, 0.15130, 1.06436
0.07463, 0.07142, 1.09743
0.26697, 0.07333, 1.24915
0.21817, 0.06551, 1.22148
-0.01274, -0.00414, 1.47978
-0.06715, -0.01321, 1.57819
0.27963, 0.11254, 1.06186
0.12638, 0.06874, 1.08030
0.14023, 0.03808, 1.28333
0.15576, 0.08768, 1.04024
0.55068, 0.10781, 1.26329
0.04728, 0.02792, 1.35538
0.57633, 0.11998, 1.22452
0.14262, 0.06090, 1.22456
0.28744, 0.09746, 1.09798
0.18681, 0.06346, 1.21147
0.29589, 0.09751, 1.13320
0.50533, 0.14689, 1.16477
0.05615, 0.09753, 1.26856
0.10903, 0.06822, 0.99503
0.10800, 0.06531, 1.04835
0.17221, 0.07540, 1.04407
0.16548, 0.07897, 1.15895
0.10811, 0.06344, 0.97055
0.10690, 0.15193, 1.17423
0.07537, 0.08020, 1.11704
0.32824, 0.09496, 1.12465
0.10375, 0.08054, 1.03652
0.06424, 0.23164, 1.12107
0.10971, 0.06246, 1.00815
0.29115, 0.10495, 1.14571
-0.07894, -0.02181, 1.54318
0.43424, 0.10338, 1.16027
0.07475, 0.02345, 1.33525
0.15327, 0.06688, 1.08189
0.25476, 0.08665, 1.23029
0.14886, 0.04058, 1.26554
0.19430, 0.07981, 1.14156
0.08912, 0.06081, 1.07131
0.29292, 0.12417, 1.05898
0.07209, 0.04002, 1.18184
0.10544, 0.02659, 1.37853
0.47031, 0.11933, 1.14555
0.07976, 0.16582, 1.17435
0.72156, 0.15193, 1.14205
0.14408, 0.05200, 1.23935
0.23733, 0.16906, 1.09628
0.13908, 0.06583, 1.08929
0.03351, 0.17824, 1.24092
0.02276, 0.00643, 1.37279
0.15656, 0.07203, 1.02998
-0.04932, -0.01286, 1.49100
0.11740, 0.09164, 1.04041
0.47260, 0.12753, 1.16104
0.23219, 0.08742, 1.09751
0.08769, 0.06165, 1.07085
0.07411, 0.04374, 1.15827
0.16432, 0.07655, 1.02995
0.15613, 0.08870, 1.04674
0.39869, 0.11000, 1.17973
0.00508, -0.01585, 1.59234
0.12328, 0.08640, 1.06808
0.09473, 0.07138, 1.03972
0.10658, 0.06413, 0.98794
0.01221, 0.03168, 1.35987
0.14706, 0.07231, 1.01557
0.07824, 0.05814, 1.09545
0.12203, 0.06938, 0.98411
0.11143, 0.08969, 1.06000
0.22292, 0.04406, 1.43723
0.09749, 0.07445, 1.03746
0.10877, 0.05465, 1.07739
0.25418, 0.06953, 1.18432
0.12188, 0.06921, 0.98230
0.08196, 0.05307, 1.13946
0.23794, 0.14913, 1.06047
0.10412, 0.06183, 1.00196
0.30375, 0.13754, 1.11777
0.12630, 0.07437, 1.00101
0.00859, 0.05202, 1.34860
0.04266, 0.08204, 1.17567
0.26847, 0.07004, 1.29909
-0.00241, 0.13159, 1.33378
0.08538, 0.03930, 1.30794
0.11044, 0.09713, 1.06250
0.66337, 0.12813, 1.12054
0.12743, 0.08151, 1.00898
0.02400, 0.00933, 1.41873
0.12406, 0.08193, 1.05310
0.27133, 0.09561, 1.10370
0.06029, 0.04451, 1.16019
0.10848, 0.06362, 0.99709
0.14272, 0.07706, 1.03443
0.15432, 0.07953, 1.01908
0.28664, 0.06299, 1.33086
0.10029, 0.06615, 1.01031
0.43063, 0.13536, 1.09932
0.05141, 0.04481, 1.19152
0.12390, 0.07947, 1.07491
0.25384, 0.09729, 1.09037
0.23405, 0.08995, 1.08136
0.11097, 0.06463, 0.95950
0.10730, 0.06123, 1.01025
0.22422, 0.14493, 1.12571
0.06524, 0.03993, 1.31856
0.10841, 0.06638, 0.99368
0.21392, 0.07032, 1.13717
0.11406, 0.08521, 1.03617
0.30750, 0.11124, 1.09955
0.27153, 0.11133, 1.09551
0.08810, 0.05079, 1.09579
0.17655, 0.07255, 1.17013
0.21512, 0.07148, 1.14535
0.11026, 0.06391, 0.95940
0.08851, 0.06305, 1.06795
0.14834, 0.08538, 1.05182
0.11623, 0.05663, 1.07125
0.01483, 0.08804, 1.30112
0.12288, 0.06963, 1.02884
0.39469, 0.11337, 1.21062
0.11063, 0.05754, 1.12982
0.00828, 0.03654, 1.45033
0.11138, 0.06626, 1.09620
0.10871, 0.06469, 0.96584
0.21203, 0.05453, 1.30945
0.04619, 0.02582, 1.22874
0.15304, 0.14510, 1.12171
0.39627, 0.12086, 1.13840
0.09666, 0.06172, 1.03068
0.07563, 0.05546, 1.16411
0.13053, 0.07063, 0.98908
0.00011, 0.00079, 1.47262
0.23316, 0.11444, 1.05644
0.10257, 0.06243, 1.02305
0.11548, 0.06132, 1.04158
0.37369, 0.12843, 1.07367
0.20816, 0.07663, 1.14668
0.19032, 0.17575, 1.09482
0.08870, 0.05594, 1.07888
0.25180, 0.11276, 1.05551
0.12997, 0.04138, 1.30414
0.18144, 0.13908, 1.09693
0.11658, 0.06694, 0.96761
0.06700, 0.01918, 1.31777
0.09850, 0.08228, 1.11704
-0.06883, 0.25562, 1.10675
0.09938, 0.06182, 1.02738
0.26224, 0.09228, 1.08871
0.12487, 0.07049, 0.98964
0.16639, 0.09493, 1.14281
0.20221, 0.05481, 1.27476
0.11283, 0.10453, 1.07542
0.04371, 0.03664, 1.21334
0.10911, 0.06508, 0.98135
0.12941, 0.08159, 1.00875
0.11787, 0.06562, 0.97705
0.13121, 0.06291, 1.09646
0.11438, 0.07778, 1.01158
0.09634, 0.06614, 1.05872
-0.01151, -0.00280, 1.45942
0.11031, 0.04186, 1.31783
0.28736, 0.14918, 1.07190
0.22969, 0.11901, 1.07875
0.58829, 0.15117, 1.09852
-0.00500, -0.00372, 1.42446
0.14274, 0.03037, 1.41398
0.11039, 0.06350, 0.96114
0.11011, 0.06339, 0.95918
0.10604, 0.08979, 1.04895
0.04396, 0.15212, 1.23212
0.52679, 0.13108, 1.10649
0.21168, 0.06739, 1.18561
0.13387, 0.09937, 1.06984
0.12005, 0.07571, 1.00612
0.11405, 0.08009, 1.06426
0.08303, 0.04966, 1.13519
0.09250, 0.06865, 1.04065
0.33118, 0.12182, 1.06666
-0.01252, -0.00681, 1.43523
0.38119, 0.12280, 1.18718
0.07457, 0.07735, 1.11171
0.15333, 0.08606, 1.05802
0.15499, 0.07723, 1.02885
0.33175, 0.10917, 1.08946
0.11614, 0.04304, 1.27298
0.11293, 0.09028, 1.04457
0.12766, 0.06418, 1.03045
0.05656, 0.07094, 1.16107
0.11240, 0.06333, 1.02715
-0.01802, -0.01644, 1.48037
0.14028, 0.05045, 1.27177
0.24548, 0.16008, 1.08301
0.19038, 0.14159, 1.13114
0.08422, 0.04632, 1.12235
0.04968, 0.04898, 1.18021
0.00090, -0.00616, 1.55025
0.15215, 0.06572, 1.05565
0.24955, 0.06379, 1.28272
0.09779, 0.02951, 1.28147
0.10563, 0.06302, 0.98765
0.40461, 0.08467, 1.28838
0.11623, 0.06513, 1.02378
0.11613, 0.05937, 1.06255

 Final Population: 
0.10939, 0.06329, 0.94372
0.10939, 0.06329, 0.94372
0.10939, 0.06329, 0.94372
0.10939, 0.06329, 0.94372
0.10939, 0.06329, 0.94372
0.10939, 0.06329, 0.94372
0.10939, 0.06329, 0.94372
0.10939, 0.06329, 0.94372
0.10939, 0.06329, 0.94372
0.10939, 0.06329, 0.94372
0.10939, 0.06329, 0.94372
0.10939, 0.06329, 0.94372
0.10939, 0.06329, 0.94372
0.10939, 0.06329, 0.94372
0.10939, 0.06329, 0.94372
0.10939, 0.06329, 0.94372
0.10939, 0.06329, 0.94372
0.10939, 0.06329, 0.94372
0.10939, 0.06329, 0.94372
0.10939, 0.06329, 0.94372
0.10939, 0.06329, 0.94372
0.10939, 0.06329, 0.94372
0.10939, 0.06329, 0.94372
0.10939, 0.06329, 0.94372
0.10939, 0.06329, 0.94372
0.10939, 0.06329, 0.94372
0.10939, 0.06329, 0.94372
0.10939, 0.06329, 0.94372
0.10939, 0.06329, 0.94372
0.10939, 0.06329, 0.94372
0.10939, 0.06329, 0.94372
0.10939, 0.06329, 0.94372
0.10939, 0.06329, 0.94372
0.10939, 0.06329, 0.94372
0.10939, 0.06329, 0.94372
0.10939, 0.06329, 0.94372
0.10939, 0.06329, 0.94372
0.10939, 0.06329, 0.94372
0.10939, 0.06329, 0.94372
0.10939, 0.06329, 0.94372
0.10939, 0.06329, 0.94372
0.10939, 0.06329, 0.94372
0.10939, 0.06329, 0.94372
0.10939, 0.06329, 0.94372
0.10939, 0.06329, 0.94372
0.10939, 0.06329, 0.94372
0.10939, 0.06329, 0.94372
0.10939, 0.06329, 0.94372
0.10939, 0.06329, 0.94372
0.10939, 0.06329, 0.94372
0.10939, 0.06329, 0.94372
0.10939, 0.06329, 0.94372
0.10939, 0.06329, 0.94372
0.10939, 0.06329, 0.94372
0.10939, 0.06329, 0.94372
0.10939, 0.06329, 0.94372
0.10939, 0.06329, 0.94372
0.10939, 0.06329, 0.94372
0.10939, 0.06329, 0.94372
0.10939, 0.06329, 0.94372
0.10939, 0.06329, 0.94372
0.10939, 0.06329, 0.94372
0.10939, 0.06329, 0.94372
0.10939, 0.06329, 0.94372
0.10939, 0.06329, 0.94372
0.10939, 0.06329, 0.94372
0.10939, 0.06329, 0.94372
0.10939, 0.06329, 0.94372
0.10939, 0.06329, 0.94372
0.10939, 0.06329, 0.94372
0.10939, 0.06329, 0.94372
0.10939, 0.06329, 0.94372
0.10939, 0.06329, 0.94372
0.10939, 0.06329, 0.94372
0.10939, 0.06329, 0.94372
0.10939, 0.06329, 0.94372
0.10939, 0.06329, 0.94372
0.10939, 0.06329, 0.94372
0.10939, 0.06329, 0.94372
0.10939, 0.06329, 0.94372
0.10939, 0.06329, 0.94372
0.10939, 0.06329, 0.94372
0.10939, 0.06329, 0.94372
0.10939, 0.06329, 0.94372
0.10939, 0.06329, 0.94372
0.10939, 0.06329, 0.94372
0.10939, 0.06329, 0.94372
0.10939, 0.06329, 0.94372
0.10939, 0.06329, 0.94372
0.10939, 0.06329, 0.94372
0.10939, 0.06329, 0.94372
0.10939, 0.06329, 0.94372
0.10939, 0.06329, 0.94372
0.10939, 0.06329, 0.94372
0.10939, 0.06329, 0.94372
0.10939, 0.06329, 0.94372
0.10939, 0.06329, 0.94372
0.10939, 0.06329, 0.94372
0.10939, 0.06329, 0.94372
0.10939, 0.06329, 0.94372
0.10939, 0.06329, 0.94372
0.10939, 0.06329, 0.94372
0.10939, 0.06329, 0.94372
0.10939, 0.06329, 0.94372
0.10939, 0.06329, 0.94372
0.10939, 0.06329, 0.94372
0.10939, 0.06329, 0.94372
0.10939, 0.06329, 0.94372
0.10939, 0.06329, 0.94372
0.10939, 0.06329, 0.94372
0.10939, 0.06329, 0.94372
0.10939, 0.06329, 0.94372
0.10939, 0.06329, 0.94372
0.10939, 0.06329, 0.94372
0.10939, 0.06329, 0.94372
0.10939, 0.06329, 0.94372
0.10939, 0.06329, 0.94372
0.10939, 0.06329, 0.94372
0.10939, 0.06329, 0.94372
0.10939, 0.06329, 0.94372
0.10939, 0.06329, 0.94372
0.10939, 0.06329, 0.94372
0.10939, 0.06329, 0.94372
0.10939, 0.06329, 0.94372
0.10939, 0.06329, 0.94372
0.10939, 0.06329, 0.94372
0.10939, 0.06329, 0.94372
0.10939, 0.06329, 0.94372
0.10939, 0.06329, 0.94372
0.10939, 0.06329, 0.94372
0.10939, 0.06329, 0.94372
0.10939, 0.06329, 0.94372
0.10939, 0.06329, 0.94372
0.10939, 0.06329, 0.94372
0.10939, 0.06329, 0.94372
0.10939, 0.06329, 0.94372
0.10939, 0.06329, 0.94372
0.10939, 0.06329, 0.94372
0.10939, 0.06329, 0.94372
0.10939, 0.06329, 0.94372
0.10939, 0.06329, 0.94372
0.10939, 0.06329, 0.94372
0.10939, 0.06329, 0.94372
0.10939, 0.06329, 0.94372
0.10939, 0.06329, 0.94372
0.10939, 0.06329, 0.94372
0.10939, 0.06329, 0.94372
0.10939, 0.06329, 0.94372
0.10939, 0.06329, 0.94372
0.10939, 0.06329, 0.94372
0.10939, 0.06329, 0.94372
0.10939, 0.06329, 0.94372
0.10939, 0.06329, 0.94372
0.10939, 0.06329, 0.94372
0.10939, 0.06329, 0.94372
0.10939, 0.06329, 0.94372
0.10939, 0.06329, 0.94372
0.10939, 0.06329, 0.94372
0.10939, 0.06329, 0.94372
0.10939, 0.06329, 0.94372
0.10939, 0.06329, 0.94372
0.10939, 0.06329, 0.94372
0.10939, 0.06329, 0.94372
0.10939, 0.06329, 0.94372
0.10939, 0.06329, 0.94372
0.69401, 0.14811, 1.15487
0.69401, 0.14811, 1.15487
0.69401, 0.14811, 1.15487
0.69401, 0.14811, 1.15487
0.69401, 0.14811, 1.15487
0.69401, 0.14811, 1.15487
0.69401, 0.14811, 1.15487
0.69401, 0.14811, 1.15487
0.69401, 0.14811, 1.15487
0.69401, 0.14811, 1.15487
0.69401, 0.14811, 1.15487
0.69401, 0.14811, 1.15487
0.69401, 0.14811, 1.15487
0.69401, 0.14811, 1.15487
0.69401, 0.14811, 1.15487
0.69401, 0.14811, 1.15487
0.69401, 0.14811, 1.15487
0.69401, 0.14811, 1.15487
0.69401, 0.14811, 1.15487
0.69401, 0.14811, 1.15487
0.69401, 0.14811, 1.15487
0.69401, 0.14811, 1.15487
0.69401, 0.14811, 1.15487
0.69401, 0.14811, 1.15487
0.69401, 0.14811, 1.15487
0.69401, 0.14811, 1.15487
0.69401, 0.14811, 1.15487
0.69401, 0.14811, 1.15487
0.69401, 0.14811, 1.15487
0.69401, 0.14811, 1.15487
0.69401, 0.14811, 1.15487
0.69401, 0.14811, 1.15487
0.69401, 0.14811, 1.15487
0.69401, 0.14811, 1.15487
0.69401, 0.14811, 1.15487
0.69401, 0.14811, 1.15487
0.69401, 0.14811, 1.15487
0.69401, 0.14811, 1.15487
0.69401, 0.14811, 1.15487
0.69401, 0.14811, 1.15487
0.69401, 0.14811, 1.15487
0.69401, 0.14811, 1.15487
0.69401, 0.14811, 1.15487
0.69401, 0.14811, 1.15487
0.69401, 0.14811, 1.15487
0.69401, 0.14811, 1.15487
0.69401, 0.14811, 1.15487
0.69401, 0.14811, 1.15487
0.69401, 0.14811, 1.15487
0.69401, 0.14811, 1.15487
0.69401, 0.14811, 1.15487
0.69401, 0.14811, 1.15487
0.69401, 0.14811, 1.15487
0.69401, 0.14811, 1.15487
0.69401, 0.14811, 1.15487
0.69401, 0.14811, 1.15487
0.69401, 0.14811, 1.15487
0.69401, 0.14811, 1.15487
0.69401, 0.14811, 1.15487
0.69401, 0.14811, 1.15487
0.69401, 0.14811, 1.15487
0.69401, 0.14811, 1.15487
0.69401, 0.14811, 1.15487
0.69401, 0.14811, 1.15487
0.69401, 0.14811, 1.15487
0.69401, 0.14811, 1.15487
0.69401, 0.14811, 1.15487
0.69401, 0.14811, 1.15487
0.69401, 0.14811, 1.15487
0.69401, 0.14811, 1.15487
0.69401, 0.14811, 1.15487
0.69401, 0.14811, 1.15487
0.69401, 0.14811, 1.15487
0.69401, 0.14811, 1.15487
0.69401, 0.14811, 1.15487
0.69401, 0.14811, 1.15487
0.69401, 0.14811, 1.15487
0.69401, 0.14811, 1.15487
0.69401, 0.14811, 1.15487
0.69401, 0.14811, 1.15487
0.69401, 0.14811, 1.15487
0.72156, 0.15193, 1.14205
0.46195, 0.12413, 1.09655
0.20327, 0.11758, 1.04210
0.10940, 0.06329, 0.94373
0.10939, 0.06329, 0.94372
0.25740, 0.06877, 1.29477
0.20302, 0.11743, 1.04187
0.10939, 0.06329, 0.94372
0.10939, 0.06329, 0.94372
0.10939, 0.06329, 0.94372
0.10939, 0.06329, 0.94372
0.15776, 0.04010, 1.38622
0.12379, 0.07161, 1.06787
0.10939, 0.06329, 0.94372
0.10939, 0.06329, 0.94372
0.10939, 0.06329, 0.94372
0.10939, 0.06329, 0.94372
0.10939, 0.06329, 0.94372
0.10939, 0.06329, 0.94372
0.10939, 0.06329, 0.94372
0.23429, 0.18153, 1.11584
0.10939, 0.06329, 0.94372
0.20302, 0.11743, 1.04187
0.10939, 0.06329, 0.94372
0.10939, 0.06329, 0.94372
0.10939, 0.06329, 0.94372
0.10939, 0.06329, 0.94372
0.10939, 0.06329, 0.94372
0.10939, 0.06329, 0.94372
0.25629, 0.14823, 1.08598
0.46195, 0.12413, 1.09655
0.10939, 0.06329, 0.94372
0.10939, 0.06329, 0.94372
0.10939, 0.06329, 0.94372
0.10939, 0.06329, 0.94372
0.10939, 0.06329, 0.94372
0.10939, 0.06329, 0.94372
0.22330, 0.12915, 1.08005
0.10939, 0.06329, 0.94372
0.20302, 0.11743, 1.04187
0.10939, 0.06329, 0.94372
0.10939, 0.06329, 0.94372
0.10939, 0.06329, 0.94372
0.17571, 0.19808, 1.12322
0.10939, 0.06329, 0.94372
0.11217, 0.06485, 0.95528
0.27051, 0.07221, 1.28726
0.10939, 0.06329, 0.94372
0.10968, 0.06367, 0.94875
0.10939, 0.06329, 0.94372
0.10939, 0.06329, 0.94372
0.10939, 0.06329, 0.94372
0.25740, 0.06877, 1.29477
0.13278, 0.07680, 1.14539
0.10939, 0.06329, 0.94372
0.10939, 0.06329, 0.94372
0.50800, 0.12942, 1.10947
0.10939, 0.06329, 0.94372
0.25740, 0.06877, 1.29477
0.10939, 0.06329, 0.94372
0.10939, 0.06329, 0.94372
0.69401, 0.14811, 1.15487
0.50337, 0.15514, 1.13155
0.10939, 0.06329, 0.94372
0.10939, 0.06329, 0.94372
0.13278, 0.07680, 1.14539
0.10939, 0.06329, 0.94372
0.09604, 0.05556, 1.05966
0.10939, 0.06329, 0.94372
0.10939, 0.06329, 0.94372
0.10939, 0.06329, 0.94372
0.20302, 0.11743, 1.04187
0.13278, 0.07680, 1.14539
0.10939, 0.06329, 0.94372
0.54442, 0.13339, 1.11914
0.10939, 0.06329, 0.94372
0.10939, 0.06329, 0.94372
0.13193, 0.07631, 1.13811
0.10849, 0.18774, 1.10386
0.10939, 0.06329, 0.94372
0.10939, 0.06329, 0.94372
0.12121, 0.07011, 1.04561
0.20302, 0.11743, 1.04187
0.10939, 0.06329, 0.94372
0.10939, 0.06329, 0.94372
0.10939, 0.06329, 0.94372
0.13179, 0.07624, 0.99456
0.13296, 0.07690, 1.14693
0.06808, 0.03938, 1.16396
0.10939, 0.06329, 0.94372
0.10939, 0.06329, 0.94372
0.10939, 0.06329, 0.94372
0.10939, 0.06329, 0.94372
0.12722, 0.07359, 1.09744
0.20403, 0.05365, 1.33791
0.21288, 0.12313, 1.05055
0.10939, 0.06329, 0.94372
0.46195, 0.12413, 1.09655
0.10939, 0.06329, 0.94372
0.25740, 0.06877, 1.29477
0.11939, 0.06906, 1.02996
0.46195, 0.12413, 1.09655
0.55234, 0.12700, 1.20881
0.10939, 0.06329, 0.94372
0.10993, 0.06360, 0.94833
0.10939, 0.06329, 0.94372
0.10939, 0.06329, 0.94372
0.10939, 0.06329, 0.94372
0.11502, 0.06654, 0.96366
0.06499, 0.19770, 1.10757
0.10939, 0.06329, 0.94372
0.47918, 0.12615, 1.10148
0.10939, 0.06329, 0.94372
0.10939, 0.06329, 0.94372
0.20362, 0.18976, 1.11929
-0.03735, -0.00817, 1.55268
0.13278, 0.07680, 1.14539
0.25740, 0.06877, 1.29477
0.10939, 0.06329, 0.94372
0.25740, 0.06877, 1.29477
0.10939, 0.06329, 0.94372
0.11984, 0.05319, 1.09584
0.10983, 0.06353, 0.94629
0.18584, 0.12194, 1.04413
0.27231, 0.07267, 1.28631
0.20302, 0.11743, 1.04187
0.20302, 0.11743, 1.04187
0.10939, 0.06329, 0.94372
0.10939, 0.06329, 0.94372
0.24286, 0.14046, 1.13402
0.20302, 0.11743, 1.04187
0.10939, 0.06329, 0.94372
0.11820, 0.02906, 1.42754
0.22945, 0.06104, 1.31490
0.13278, 0.07680, 1.14539
0.10939, 0.06329, 0.94372
-0.10376, -0.02183, 1.58899
0.29133, 0.16989, 1.11307
0.10939, 0.06329, 0.94372
0.10939, 0.06329, 0.94372
0.10939, 0.06329, 0.94372
0.10939, 0.06329, 0.94372
0.10939, 0.06329, 0.94372
0.10939, 0.06329, 0.94372
0.25740, 0.06877, 1.29477
0.25740, 0.06877, 1.29477
0.46195, 0.12413, 1.09655
0.10939, 0.06329, 0.94372
0.10939, 0.06329, 0.94372
0.10939, 0.06329, 0.94372
0.13278, 0.07680, 1.14539
0.10939, 0.06329, 0.94372
0.10939, 0.06329, 0.94372
0.10939, 0.06329, 0.94372
0.10939, 0.06329, 0.94372
0.10939, 0.06329, 0.94372
0.13278, 0.07680, 1.14539
0.10939, 0.06329, 0.94372
0.10939, 0.06329, 0.94372
0.10939, 0.06329, 0.94372
0.20302, 0.11743, 1.04187
0.15575, 0.09009, 1.02010
0.10939, 0.06329, 0.94372
0.10939, 0.06329, 0.94372
0.33447, 0.11754, 1.17201
0.10939, 0.06329, 0.94372
0.10939, 0.06329, 0.94372
0.13278, 0.07680, 1.14539
0.46195, 0.12413, 1.09655
0.10939, 0.06329, 0.94372
0.10939, 0.06329, 0.94372
0.04165, 0.12016, 1.26549
0.10939, 0.06329, 0.94372
0.46195, 0.12413, 1.09655
0.25740, 0.06877, 1.29477
0.46195, 0.12413, 1.09655
0.28578, 0.17079, 1.11311
0.10912, 0.06529, 0.96680
0.25740, 0.06877, 1.29477
0.10939, 0.06329, 0.94372
0.10939, 0.06329, 0.94372
0.10939, 0.06329, 0.94372
0.49044, 0.12744, 1.10464
0.46195, 0.12413, 1.09655
0.10939, 0.06329, 0.94372
0.10939, 0.06329, 0.94372
0.10939, 0.06329, 0.94372
0.10939, 0.06329, 0.94372
0.10939, 0.06329, 0.94372
0.10939, 0.06329, 0.94372
0.17009, 0.12956, 1.05039
0.10939, 0.06329, 0.94372
0.10939, 0.06329, 0.94372
0.02576, 0.00692, 1.36712
0.25740, 0.06877, 1.29477
0.20302, 0.11743, 1.04187
0.48487, 0.12783, 1.09187
0.13278, 0.07680, 1.14539
0.20302, 0.11743, 1.04187
0.20302, 0.11743, 1.04187
0.10939, 0.06329, 0.94372
0.25740, 0.06877, 1.29477
0.10939, 0.06329, 0.94372
0.04960, 0.02869, 1.21528
0.10939, 0.06329, 0.94372
-0.07386, -0.01581, 1.57371
0.46195, 0.12413, 1.09655
0.20302, 0.11743, 1.04187
0.10939, 0.06329, 0.94372
0.10939, 0.06329, 0.94372
0.25740, 0.06877, 1.29477
0.67056, 0.14910, 1.15207
0.10939, 0.06329, 0.94372
0.20302, 0.11743, 1.04187
0.13278, 0.07680, 1.14539
0.10939, 0.06329, 0.94372
0.10939, 0.06329, 0.94372
0.25740, 0.06877, 1.29477
0.10939, 0.06329, 0.94372
0.48967, 0.15561, 1.12988
0.46195, 0.12413, 1.09655
0.46195, 0.12413, 1.09655
0.10939, 0.06329, 0.94372
-0.06294, -0.01356, 1.56771
0.00784, 0.02885, 1.33564
0.10939, 0.06329, 0.94372
0.10939, 0.06329, 0.94372
0.13278, 0.07680, 1.14539
0.25740, 0.06877, 1.29477
0.10939, 0.06329, 0.94372
0.10939, 0.06329, 0.94372
0.10939, 0.06329, 0.94372
0.10939, 0.06329, 0.94372
0.10939, 0.06329, 0.94372
0.10939, 0.06329, 0.94372
0.20302, 0.11743, 1.04187
0.10939, 0.06329, 0.94372
0.10939, 0.06329, 0.94372
0.10939, 0.06329, 0.94372
0.10977, 0.06343, 0.94614
0.25740, 0.06877, 1.29477
0.10125, 0.08427, 1.17672
0.10939, 0.06329, 0.94372
0.10939, 0.06329, 0.94372
0.10939, 0.06329, 0.94372
0.11236, 0.06500, 0.96934
0.10939, 0.06329, 0.94372
0.10939, 0.06329, 0.94372
0.10939, 0.06329, 0.94372
0.25740, 0.06877, 1.29477
0.10939, 0.06329, 0.94372
0.05310, 0.17467, 1.21358
-0.00226, -0.00051, 1.52978
0.13278, 0.07680, 1.14539
divergence_from_baseline:0.0144046707116
