
Model: DTLZ_3
Args:
	number of decisions: 10
	number of objectives: 4Settings: 
{	:better <function lt at 0x10b6c3140>
 	:candidates 500
 	:era 100
 	:gens 500
 	:lives 3
 	:mutate_prob 0.25
 	:patience 3
 	:retain 0.33
}
 Baseline Population: 
263.42397, 118.26011, 118.26011, 14.53539
257.79261, 62.13158, 62.13158, 455.70363
185.45510, 11.00512, 11.00512, 1059.79330
65.69165, 68.16210, 68.16210, 390.63872
251.81712, 124.66420, 124.66420, 90.15528
118.80222, 196.54615, 196.54615, 317.11015
43.50793, 33.05581, 33.05581, 1153.68790
76.59617, 6.61602, 6.61602, 1332.20872
2.28285, 0.33253, 0.33253, 1227.98100
327.44920, 51.10432, 51.10432, 1178.53344
34.25686, 23.46009, 23.46009, 1507.54665
5.29715, 221.57078, 221.57078, 340.81928
170.23496, 14.37009, 14.37009, 1155.78010
287.55027, 55.39987, 55.39987, 224.95896
412.07789, 19.99433, 19.99433, 855.00017
61.97827, 2.88309, 2.88309, 1188.90779
127.56205, 43.05484, 43.05484, 450.89534
28.58030, 51.58371, 51.58371, 241.30511
4.86685, 172.13969, 172.13969, 287.67164
97.89831, 32.65104, 32.65104, 608.68263
1.03829, 138.18946, 138.18946, 598.72846
166.39097, 39.56119, 39.56119, 1248.24911
254.15233, 171.82633, 171.82633, 153.94746
131.14355, 193.30356, 193.30356, 160.52444
11.09000, 282.13446, 282.13446, 347.35234
30.46075, 181.36110, 181.36110, 7.01476
106.24376, 195.77605, 195.77605, 68.59238
10.12080, 14.29166, 14.29166, 1200.14563
0.21102, 40.78765, 40.78765, 537.18427
96.89141, 62.67791, 62.67791, 280.80857
190.29451, 151.40527, 151.40527, 468.54375
268.78957, 176.98374, 176.98374, 178.70164
185.29274, 247.78742, 247.78742, 121.66214
218.21347, 31.15940, 31.15940, 403.78398
19.30955, 39.21494, 39.21494, 1166.87903
62.36660, 59.91950, 59.91950, 575.23340
406.26763, 36.42273, 36.42273, 44.62727
113.79584, 194.00904, 194.00904, 524.59567
200.66738, 100.07563, 100.07563, 93.97982
5.81973, 134.21145, 134.21145, 403.67275
267.74428, 97.43041, 97.43041, 173.51229
42.30988, 4.80250, 4.80250, 1326.82559
367.34196, 46.97407, 46.97407, 313.68285
127.92952, 198.10657, 198.10657, 36.99984
125.01565, 111.36823, 111.36823, 505.41898
57.61553, 95.07547, 95.07547, 1073.73734
403.84026, 46.25263, 46.25263, 295.49712
101.91436, 107.64125, 107.64125, 1114.84731
96.23328, 49.74361, 49.74361, 193.77304
60.56836, 42.00531, 42.00531, 629.49992
177.12939, 82.67688, 82.67688, 472.11683
12.63413, 245.46024, 245.46024, 416.37891
26.83049, 204.25667, 204.25667, 1022.21821
145.39521, 95.37891, 95.37891, 65.53482
1.85327, 15.97371, 15.97371, 1192.03550
173.53448, 154.84456, 154.84456, 342.00020
0.12312, 0.33425, 0.33425, 676.79883
5.23454, 150.34061, 150.34061, 18.06048
68.82774, 142.34999, 142.34999, 517.85418
25.55920, 24.68830, 24.68830, 709.69011
7.83531, 30.54126, 30.54126, 477.48693
147.45445, 94.09386, 94.09386, 345.75888
0.68740, 19.74732, 19.74732, 673.17919
289.50381, 112.18022, 112.18022, 245.91047
140.93518, 57.66479, 57.66479, 43.70017
330.55255, 95.31829, 95.31829, 893.04175
397.81016, 25.47586, 25.47586, 779.68188
388.64660, 119.04898, 119.04898, 208.24929
311.23734, 49.17655, 49.17655, 254.82852
275.49617, 143.91387, 143.91387, 100.65798
189.47560, 129.40100, 129.40100, 128.60926
165.46184, 102.20011, 102.20011, 472.95746
1.56416, 146.16879, 146.16879, 461.36433
55.91084, 0.54961, 0.54961, 1186.10783
15.57471, 12.72222, 12.72222, 625.35155
49.12437, 139.76501, 139.76501, 561.14638
282.58383, 23.04998, 23.04998, 1123.56349
449.16046, 20.91883, 20.91883, 1042.90389
101.05918, 102.13578, 102.13578, 289.48537
21.34049, 82.33150, 82.33150, 1112.06601
190.54321, 61.87263, 61.87263, 461.28468
621.29146, 120.23522, 120.23522, 647.12146
410.75119, 67.10409, 67.10409, 38.52309
447.58532, 47.99690, 47.99690, 152.64576
128.52762, 34.68657, 34.68657, 1167.74019
92.43271, 63.23306, 63.23306, 532.87740
190.63663, 68.86316, 68.86316, 17.26918
33.75426, 29.01671, 29.01671, 1384.02227
114.98190, 87.51498, 87.51498, 1191.29496
59.54135, 5.60915, 5.60915, 708.03187
202.66587, 15.30944, 15.30944, 304.40663
5.13037, 264.60985, 264.60985, 80.75141
4.84066, 8.42718, 8.42718, 722.73433
0.52953, 3.25142, 3.25142, 1164.45759
8.11610, 148.29127, 148.29127, 281.26936
164.58128, 129.34151, 129.34151, 458.31069
98.23220, 207.14801, 207.14801, 105.96606
119.11487, 11.39929, 11.39929, 1239.26973
111.24992, 95.14286, 95.14286, 219.13257
114.03560, 18.73212, 18.73212, 333.61791
328.72695, 97.59731, 97.59731, 852.02710
71.69851, 37.94884, 37.94884, 1138.88853
136.92542, 137.21888, 137.21888, 135.49898
26.14423, 51.49992, 51.49992, 1145.88257
1.41924, 92.89792, 92.89792, 424.85312
28.30665, 33.41799, 33.41799, 1470.05239
364.12428, 63.91265, 63.91265, 86.20744
126.99297, 0.10983, 0.10983, 666.78836
43.93057, 131.06886, 131.06886, 386.09137
0.19878, 5.62854, 5.62854, 735.89665
384.91062, 33.69461, 33.69461, 811.26585
31.55809, 81.64616, 81.64616, 1211.48990
159.64707, 13.46789, 13.46789, 1214.22682
118.63957, 229.18563, 229.18563, 383.80184
222.52090, 37.64132, 37.64132, 79.05778
47.57258, 248.87964, 248.87964, 277.26788
149.65150, 25.10927, 25.10927, 490.99973
48.16859, 193.06216, 193.06216, 133.20459
33.52166, 194.67392, 194.67392, 115.14624
58.47357, 161.24728, 161.24728, 359.79872
29.04582, 194.27045, 194.27045, 159.52110
61.82474, 40.32959, 40.32959, 688.00942
342.69085, 77.18276, 77.18276, 803.73986
5.78709, 16.36890, 16.36890, 98.40652
567.46392, 43.28036, 43.28036, 655.95945
168.32727, 12.63963, 12.63963, 1059.97182
45.96056, 296.65851, 296.65851, 216.07469
55.06457, 270.34825, 270.34825, 66.76364
72.50714, 107.73635, 107.73635, 396.86500
287.47511, 28.81393, 28.81393, 204.39942
384.60421, 54.72957, 54.72957, 322.56648
9.31424, 279.73266, 279.73266, 295.67203
187.79236, 56.97739, 56.97739, 105.14318
388.55919, 34.84593, 34.84593, 18.43399
123.26990, 122.62918, 122.62918, 144.62160
3.67022, 178.78516, 178.78516, 109.27991
24.84900, 4.34249, 4.34249, 1194.09338
52.73026, 96.63351, 96.63351, 1236.14486
291.09082, 157.77635, 157.77635, 362.90897
60.36689, 206.15955, 206.15955, 77.21732
1.28308, 122.18891, 122.18891, 380.66163
96.45358, 26.98648, 26.98648, 1102.74272
59.17963, 3.47370, 3.47370, 1214.94485
343.58581, 92.85079, 92.85079, 796.69250
13.47667, 236.43970, 236.43970, 455.05544
64.36825, 19.09701, 19.09701, 1259.67435
125.09976, 85.53235, 85.53235, 329.39931
1.45429, 7.27033, 7.27033, 1219.84206
36.78322, 16.77527, 16.77527, 1162.64057
72.53671, 80.33106, 80.33106, 1094.90962
117.10800, 173.78395, 173.78395, 1184.94110
298.40061, 186.23942, 186.23942, 281.47098
0.17433, 256.45990, 256.45990, 190.05067
88.63521, 116.32674, 116.32674, 382.96459
108.11449, 212.85080, 212.85080, 423.02379
103.43049, 283.70632, 283.70632, 9.80471
98.59456, 40.82638, 40.82638, 1291.01795
218.14012, 28.52009, 28.52009, 32.14419
535.22801, 21.38225, 21.38225, 1004.82756
195.79632, 258.43147, 258.43147, 108.70811
270.46395, 48.10236, 48.10236, 366.26112
268.48852, 185.06183, 185.06183, 41.28530
551.78170, 20.02838, 20.02838, 738.23345
105.13970, 41.55504, 41.55504, 232.96010
61.00053, 17.04265, 17.04265, 661.69032
45.87461, 175.95189, 175.95189, 151.44408
133.69700, 247.15793, 247.15793, 72.41605
124.70271, 46.09933, 46.09933, 298.26433
71.63844, 107.70058, 107.70058, 1365.46558
42.23269, 13.44784, 13.44784, 704.93968
35.77716, 180.05685, 180.05685, 578.49172
195.96365, 137.40187, 137.40187, 183.81968
42.27530, 176.75973, 176.75973, 340.28790
218.67429, 34.77356, 34.77356, 107.31082
69.60981, 148.59148, 148.59148, 227.68963
11.61330, 8.08732, 8.08732, 1152.99443
50.22981, 228.35737, 228.35737, 234.43759
70.11142, 51.49942, 51.49942, 1402.34750
239.51884, 47.92230, 47.92230, 312.30877
466.80786, 108.76537, 108.76537, 191.15076
5.91931, 155.77236, 155.77236, 451.61727
26.75156, 8.85483, 8.85483, 1287.93107
190.37023, 15.56959, 15.56959, 421.16603
59.14690, 0.67670, 0.67670, 1264.43880
265.69782, 215.51646, 215.51646, 387.03176
120.24576, 113.67952, 113.67952, 298.46329
488.26243, 90.53357, 90.53357, 740.86542
21.37349, 111.56688, 111.56688, 478.58581
116.81702, 35.59113, 35.59113, 1178.51722
261.95572, 120.75942, 120.75942, 1320.09374
104.10338, 154.88602, 154.88602, 356.60290
52.79393, 77.05426, 77.05426, 642.35419
43.60347, 13.53487, 13.53487, 1334.33189
126.99134, 172.42935, 172.42935, 400.63675
158.14889, 104.66616, 104.66616, 16.10009
245.20665, 137.46700, 137.46700, 103.01842
125.61945, 80.67149, 80.67149, 536.13800
87.53082, 46.85927, 46.85927, 1105.74346
225.10638, 86.12124, 86.12124, 495.12526
68.84877, 14.28296, 14.28296, 348.76141
120.54675, 149.39252, 149.39252, 292.52027
579.98701, 99.54139, 99.54139, 92.51507
48.51099, 117.71155, 117.71155, 312.77098
281.57618, 178.15566, 178.15566, 200.03965
54.89845, 22.70706, 22.70706, 1245.45205
314.32835, 52.09555, 52.09555, 979.77084
125.10869, 74.99366, 74.99366, 1164.63629
420.49879, 7.42109, 7.42109, 777.00165
114.16345, 14.88852, 14.88852, 634.42515
197.56194, 176.96999, 176.96999, 175.57291
382.37852, 1.81239, 1.81239, 258.59675
27.67797, 72.42468, 72.42468, 1256.08101
147.14394, 195.89766, 195.89766, 161.14366
51.75612, 65.16890, 65.16890, 559.90935
3.92741, 18.38858, 18.38858, 1164.61896
577.18969, 85.06665, 85.06665, 589.83188
463.24601, 148.63377, 148.63377, 125.23864
51.15225, 40.54473, 40.54473, 370.52493
25.46581, 88.70393, 88.70393, 81.97765
1.63757, 95.29574, 95.29574, 493.71475
55.47528, 64.88956, 64.88956, 210.10773
106.29550, 121.39572, 121.39572, 211.11789
45.78942, 29.93895, 29.93895, 1123.87317
200.50931, 122.95176, 122.95176, 1331.09650
15.81811, 225.77889, 225.77889, 414.21454
35.59350, 37.49426, 37.49426, 1171.69186
118.57137, 73.94148, 73.94148, 504.32837
4.71872, 100.14574, 100.14574, 585.85078
290.21479, 60.85340, 60.85340, 914.35320
361.48406, 37.60324, 37.60324, 266.15994
395.67941, 73.46356, 73.46356, 118.03630
23.83173, 0.54141, 0.54141, 1218.10649
21.64961, 211.53689, 211.53689, 471.38779
242.72231, 154.72715, 154.72715, 387.67831
77.47386, 60.03305, 60.03305, 1179.15600
28.14906, 156.89938, 156.89938, 1207.47986
191.57838, 28.43251, 28.43251, 1521.06941
23.11220, 215.28524, 215.28524, 301.89978
328.69817, 90.76142, 90.76142, 196.42260
307.15162, 52.62487, 52.62487, 1070.42775
20.65921, 191.71789, 191.71789, 243.58435
139.28300, 203.23089, 203.23089, 396.23326
85.81811, 243.51058, 243.51058, 245.69343
8.16031, 132.00574, 132.00574, 441.41174
3.44941, 11.12176, 11.12176, 1435.92259
117.80524, 61.21996, 61.21996, 1352.91806
11.63663, 41.21354, 41.21354, 1241.87961
446.76716, 45.97341, 45.97341, 1174.28801
47.14179, 45.95716, 45.95716, 659.10267
81.13740, 159.98917, 159.98917, 454.19748
45.65447, 80.01630, 80.01630, 619.49129
19.59565, 114.83328, 114.83328, 1084.50387
12.67129, 38.67680, 38.67680, 557.25066
44.32135, 13.04982, 13.04982, 1233.67493
288.88650, 64.15043, 64.15043, 380.64876
102.43509, 106.03270, 106.03270, 437.39579
110.31786, 30.75437, 30.75437, 1145.71443
150.25229, 62.45348, 62.45348, 359.54571
132.50887, 51.62164, 51.62164, 504.26650
167.86514, 4.18411, 4.18411, 1214.60967
271.78243, 135.40581, 135.40581, 214.45903
53.54780, 69.50771, 69.50771, 156.10743
6.47985, 60.95775, 60.95775, 1305.24065
13.39033, 25.82419, 25.82419, 1281.96076
206.29298, 36.20461, 36.20461, 533.54405
0.32990, 42.60433, 42.60433, 544.86998
257.33223, 21.13588, 21.13588, 954.83231
0.41500, 0.99853, 0.99853, 1166.44079
207.86052, 39.72963, 39.72963, 336.47150
280.81598, 54.96584, 54.96584, 1039.97400
9.43345, 211.36560, 211.36560, 519.38892
204.05447, 52.63510, 52.63510, 93.26269
53.75263, 161.58792, 161.58792, 128.59509
91.63007, 102.42767, 102.42767, 554.67690
13.17349, 47.00382, 47.00382, 1146.09595
290.23542, 156.46464, 156.46464, 31.19389
0.98141, 115.65283, 115.65283, 1178.50332
105.17930, 152.48615, 152.48615, 6.31858
545.66540, 24.16823, 24.16823, 705.34570
75.79923, 22.32579, 22.32579, 1155.59313
515.85071, 20.04635, 20.04635, 150.67329
261.44095, 56.23392, 56.23392, 404.43169
140.02988, 255.00903, 255.00903, 404.58331
336.25116, 13.90923, 13.90923, 1052.98391
99.65825, 153.61456, 153.61456, 348.36413
72.86950, 68.69125, 68.69125, 1187.98518
1.76013, 42.28789, 42.28789, 401.75933
108.47811, 197.29197, 197.29197, 330.86398
137.85952, 27.53756, 27.53756, 495.14862
180.95710, 107.05532, 107.05532, 100.28201
252.56587, 124.33507, 124.33507, 417.94477
204.03629, 18.91097, 18.91097, 1182.11418
70.98619, 178.28041, 178.28041, 33.18845
7.18658, 110.92372, 110.92372, 1245.49690
177.69288, 4.20554, 4.20554, 1368.57665
215.47967, 82.06970, 82.06970, 1087.42765
27.22998, 27.15317, 27.15317, 669.09530
75.90090, 15.18192, 15.18192, 1101.91677
24.17242, 9.91829, 9.91829, 1278.87080
357.73843, 155.44323, 155.44323, 336.75982
139.62119, 96.92175, 96.92175, 104.39562
20.59511, 28.02590, 28.02590, 1217.99098
557.61623, 16.12417, 16.12417, 89.21840
82.49421, 10.80567, 10.80567, 1159.76575
416.90154, 97.76677, 97.76677, 104.96102
94.96462, 104.90057, 104.90057, 572.96919
21.38829, 25.35685, 25.35685, 626.12740
34.30146, 58.58442, 58.58442, 1226.44110
2.06536, 6.58503, 6.58503, 1302.97114
176.37599, 104.46815, 104.46815, 536.17451
270.69054, 100.45545, 100.45545, 418.07199
342.67253, 47.80531, 47.80531, 276.63531
140.38155, 117.22045, 117.22045, 133.47869
2.50035, 4.11213, 4.11213, 745.88848
26.65696, 175.73220, 175.73220, 595.54687
36.27585, 37.48817, 37.48817, 1292.87490
90.44952, 56.43044, 56.43044, 634.27370
4.96779, 73.32848, 73.32848, 1220.61662
217.91043, 127.21965, 127.21965, 449.05017
52.39023, 2.79919, 2.79919, 703.21845
149.64935, 79.60168, 79.60168, 100.37668
88.41739, 283.64810, 283.64810, 302.34541
409.37920, 5.52882, 5.52882, 15.27578
111.30865, 137.50478, 137.50478, 122.39142
340.87578, 31.95650, 31.95650, 55.31412
30.71048, 9.19766, 9.19766, 1338.41839
260.34916, 136.82217, 136.82217, 51.63932
113.24097, 48.30627, 48.30627, 549.10691
272.86448, 170.49855, 170.49855, 947.50969
8.53816, 198.88383, 198.88383, 321.59989
105.45325, 2.30769, 2.30769, 1482.95080
173.27864, 24.24637, 24.24637, 1368.11104
337.93162, 56.70680, 56.70680, 82.72846
19.25158, 6.65959, 6.65959, 639.95747
71.11525, 54.22749, 54.22749, 606.13163
171.65422, 20.32142, 20.32142, 1335.74145
9.10990, 8.50571, 8.50571, 1292.29999
40.35467, 161.25389, 161.25389, 119.41319
86.44440, 2.28714, 2.28714, 331.57843
83.35092, 137.32046, 137.32046, 520.53623
155.69244, 70.66655, 70.66655, 535.08237
73.27204, 187.67428, 187.67428, 226.71161
0.41823, 173.14420, 173.14420, 499.52695
4.40524, 4.35927, 4.35927, 1185.22206
0.69688, 218.74007, 218.74007, 602.45794
307.16358, 67.45852, 67.45852, 351.29084
1.10671, 3.17503, 3.17503, 1186.30510
121.12572, 98.90154, 98.90154, 1307.92727
223.71491, 4.27265, 4.27265, 303.28145
518.26382, 21.03927, 21.03927, 716.02490
437.09778, 34.71167, 34.71167, 755.73151
75.27835, 43.85463, 43.85463, 1263.57125
230.80807, 48.07754, 48.07754, 492.11882
17.74525, 111.03748, 111.03748, 458.47835
37.74462, 9.73437, 9.73437, 1553.41295
5.85246, 3.85412, 3.85412, 1182.79860
37.93945, 169.57369, 169.57369, 94.68492
50.68946, 199.24003, 199.24003, 528.22914
644.70213, 7.12471, 7.12471, 524.14968
89.55364, 46.20192, 46.20192, 313.91652
364.38712, 38.91063, 38.91063, 127.62815
9.01023, 12.99296, 12.99296, 701.18125
516.97658, 47.46303, 47.46303, 669.09435
274.98447, 9.25705, 9.25705, 21.34111
359.88525, 115.34188, 115.34188, 294.87078
35.90022, 173.41769, 173.41769, 490.66565
0.69445, 5.30639, 5.30639, 1351.23126
391.80484, 90.47331, 90.47331, 13.77942
196.36652, 31.44175, 31.44175, 191.10503
0.96794, 2.78369, 2.78369, 1179.12498
9.52090, 120.73293, 120.73293, 622.23152
86.05484, 103.40816, 103.40816, 584.36644
19.92649, 162.49604, 162.49604, 555.49258
426.51918, 58.47306, 58.47306, 70.22854
0.26826, 64.47928, 64.47928, 1235.17594
27.29716, 243.07520, 243.07520, 461.58655
24.85650, 107.86467, 107.86467, 153.29683
193.83027, 3.55842, 3.55842, 1062.28506
37.33594, 149.56152, 149.56152, 214.77992
294.30822, 126.87970, 126.87970, 316.83466
243.72747, 188.43509, 188.43509, 39.62660
157.76694, 104.44666, 104.44666, 521.66163
146.94310, 51.50140, 51.50140, 1025.11310
117.66231, 15.68710, 15.68710, 1177.13137
324.34756, 8.53171, 8.53171, 855.85235
46.69070, 7.98427, 7.98427, 1380.53260
51.29575, 137.41318, 137.41318, 130.78596
331.67479, 79.24895, 79.24895, 232.48378
120.48353, 100.11784, 100.11784, 372.44923
284.23353, 0.74587, 0.74587, 1054.29273
111.73420, 1.05633, 1.05633, 1177.84023
33.13478, 37.52057, 37.52057, 1270.26419
47.22350, 15.18690, 15.18690, 1141.13104
4.43502, 77.86534, 77.86534, 1496.96663
59.98669, 89.71278, 89.71278, 159.95360
25.38734, 84.19994, 84.19994, 1150.60000
29.35835, 47.18610, 47.18610, 1543.03527
28.91918, 200.98268, 200.98268, 1051.52291
84.83236, 87.10287, 87.10287, 214.85297
113.57967, 155.05953, 155.05953, 267.90368
220.78606, 46.82248, 46.82248, 321.89035
151.10722, 38.52237, 38.52237, 344.21527
118.30842, 37.19470, 37.19470, 1365.17914
168.44529, 211.36751, 211.36751, 44.58429
352.48603, 30.37209, 30.37209, 1092.81268
95.76110, 77.45830, 77.45830, 1153.31525
224.78844, 116.30632, 116.30632, 322.30790
40.83941, 29.98674, 29.98674, 231.20285
84.45842, 160.99091, 160.99091, 70.63036
126.31056, 17.70164, 17.70164, 634.91586
8.19963, 12.35514, 12.35514, 1189.20474
80.47137, 137.61723, 137.61723, 322.37657
56.99304, 22.84089, 22.84089, 625.34069
10.15190, 91.93517, 91.93517, 1293.27624
109.85786, 87.42438, 87.42438, 1113.17401
370.84112, 48.99891, 48.99891, 23.04397
535.66561, 22.18351, 22.18351, 98.26688
185.23940, 164.78788, 164.78788, 425.20948
192.20274, 148.19424, 148.19424, 273.25766
190.10794, 110.52827, 110.52827, 499.36422
124.00752, 163.81409, 163.81409, 501.33096
264.48327, 73.18607, 73.18607, 89.16695
57.88935, 48.29728, 48.29728, 17.05198
13.13083, 275.68692, 275.68692, 72.37582
188.71094, 47.19876, 47.19876, 1228.48014
112.92134, 135.23344, 135.23344, 258.93461
184.61059, 239.53307, 239.53307, 236.92066
412.79082, 174.96433, 174.96433, 94.98725
41.61950, 26.58835, 26.58835, 473.76774
8.70812, 71.56216, 71.56216, 633.14052
39.55417, 116.20497, 116.20497, 251.27328
62.35106, 33.52334, 33.52334, 1286.13564
64.29164, 81.80431, 81.80431, 401.62696
39.28480, 80.75229, 80.75229, 674.08100
474.45969, 45.34922, 45.34922, 98.37186
170.88146, 48.20755, 48.20755, 1172.02406
29.36948, 260.24004, 260.24004, 430.97053
3.63242, 175.91250, 175.91250, 641.87633
611.54379, 107.80055, 107.80055, 94.88389
179.16676, 120.20043, 120.20043, 287.35174
59.09800, 42.30943, 42.30943, 1100.38345
57.07640, 59.53832, 59.53832, 1427.99033
156.10834, 83.61068, 83.61068, 1062.42954
46.06535, 237.49805, 237.49805, 13.00054
427.65120, 27.22046, 27.22046, 264.23915
92.87024, 9.19872, 9.19872, 1196.16137
20.54405, 212.85249, 212.85249, 521.22800
81.27375, 147.10229, 147.10229, 32.36447
3.57923, 155.83562, 155.83562, 522.05707
266.82780, 71.52861, 71.52861, 396.79533
54.56177, 15.46523, 15.46523, 513.72768
274.55003, 225.10516, 225.10516, 79.72880
159.76196, 239.88076, 239.88076, 415.23264
310.25155, 38.92758, 38.92758, 115.23469
579.65732, 16.48596, 16.48596, 658.58608
190.94600, 2.12134, 2.12134, 159.40520
15.83947, 90.01534, 90.01534, 613.49360
62.16167, 135.70286, 135.70286, 551.05556
40.75733, 254.37461, 254.37461, 304.83050
174.24530, 110.00512, 110.00512, 261.74776
1.08435, 1.10957, 1.10957, 1210.60892
225.61162, 1.82744, 1.82744, 1100.46646
85.61017, 123.65083, 123.65083, 252.53106
181.27519, 48.59673, 48.59673, 236.25127
28.36348, 309.87570, 309.87570, 424.21530
25.54299, 75.34703, 75.34703, 541.22765
52.32574, 8.97432, 8.97432, 1275.53892
145.59332, 8.21788, 8.21788, 594.04478
175.38502, 186.13299, 186.13299, 268.63610
107.98351, 73.35542, 73.35542, 382.11172
7.18031, 2.91182, 2.91182, 1358.68834
29.74057, 74.75312, 74.75312, 365.02586
371.49244, 78.30375, 78.30375, 190.71553
80.47074, 165.06315, 165.06315, 446.97460
40.80941, 29.00371, 29.00371, 689.71153
83.02222, 32.85785, 32.85785, 304.10362
116.46046, 250.76608, 250.76608, 251.57167
168.26561, 6.78598, 6.78598, 1207.91574
80.59877, 193.28922, 193.28922, 134.09938
285.81738, 66.06242, 66.06242, 165.04886
594.83438, 19.12219, 19.12219, 42.25628
85.87777, 73.15310, 73.15310, 415.10566
162.36360, 31.97372, 31.97372, 590.80694
96.78147, 176.09857, 176.09857, 469.98920
98.38737, 165.55985, 165.55985, 987.98851
91.65577, 82.33376, 82.33376, 568.48853
468.16050, 49.47042, 49.47042, 50.53530
267.43824, 70.53061, 70.53061, 440.79529
78.04817, 19.30281, 19.30281, 546.86734
51.23853, 32.03963, 32.03963, 1240.72724
40.78666, 2.69380, 2.69380, 1193.36483
117.39966, 10.28192, 10.28192, 1285.77085
103.58987, 190.54766, 190.54766, 231.88322
223.79192, 139.87335, 139.87335, 384.03087
93.70421, 248.82356, 248.82356, 304.95747
22.35716, 99.00626, 99.00626, 676.29731
608.39677, 51.38356, 51.38356, 55.16350
119.52047, 120.95447, 120.95447, 327.25957
373.94396, 100.41390, 100.41390, 908.23580
101.73031, 112.45083, 112.45083, 1301.47756

 Final Population: 
0.02149, 0.03745, 0.03745, 0.02297
0.02149, 0.03745, 0.03745, 0.02297
0.02149, 0.03745, 0.03745, 0.02297
0.02149, 0.03745, 0.03745, 0.02297
0.02149, 0.03745, 0.03745, 0.02297
0.02149, 0.03745, 0.03745, 0.02297
0.02149, 0.03745, 0.03745, 0.02297
0.02149, 0.03745, 0.03745, 0.02297
0.02149, 0.03745, 0.03745, 0.02297
0.02149, 0.03745, 0.03745, 0.02297
0.02149, 0.03745, 0.03745, 0.02297
0.02149, 0.03745, 0.03745, 0.02297
0.02149, 0.03745, 0.03745, 0.02297
0.02149, 0.03745, 0.03745, 0.02297
0.02149, 0.03745, 0.03745, 0.02297
0.02149, 0.03745, 0.03745, 0.02297
0.02149, 0.03745, 0.03745, 0.02297
0.02149, 0.03745, 0.03745, 0.02297
0.02149, 0.03745, 0.03745, 0.02297
0.02149, 0.03745, 0.03745, 0.02297
0.02149, 0.03745, 0.03745, 0.02297
0.02149, 0.03745, 0.03745, 0.02297
0.02149, 0.03745, 0.03745, 0.02297
0.02149, 0.03745, 0.03745, 0.02297
0.02149, 0.03745, 0.03745, 0.02297
0.02149, 0.03745, 0.03745, 0.02297
0.02149, 0.03745, 0.03745, 0.02297
0.02149, 0.03745, 0.03745, 0.02297
0.02149, 0.03745, 0.03745, 0.02297
0.02149, 0.03745, 0.03745, 0.02297
0.02149, 0.03745, 0.03745, 0.02297
0.02149, 0.03745, 0.03745, 0.02297
0.02149, 0.03745, 0.03745, 0.02297
0.02149, 0.03745, 0.03745, 0.02297
0.02149, 0.03745, 0.03745, 0.02297
0.02149, 0.03745, 0.03745, 0.02297
0.02149, 0.03745, 0.03745, 0.02297
0.02149, 0.03745, 0.03745, 0.02297
0.02149, 0.03745, 0.03745, 0.02297
0.02149, 0.03745, 0.03745, 0.02297
0.02149, 0.03745, 0.03745, 0.02297
0.02149, 0.03745, 0.03745, 0.02297
0.02149, 0.03745, 0.03745, 0.02297
0.02149, 0.03745, 0.03745, 0.02297
0.02149, 0.03745, 0.03745, 0.02297
0.02149, 0.03745, 0.03745, 0.02297
0.02149, 0.03745, 0.03745, 0.02297
0.02149, 0.03745, 0.03745, 0.02297
0.02149, 0.03745, 0.03745, 0.02297
0.02149, 0.03745, 0.03745, 0.02297
0.02149, 0.03745, 0.03745, 0.02297
0.02149, 0.03745, 0.03745, 0.02297
0.02149, 0.03745, 0.03745, 0.02297
0.02149, 0.03745, 0.03745, 0.02297
0.02149, 0.03745, 0.03745, 0.02297
0.02149, 0.03745, 0.03745, 0.02297
0.02149, 0.03745, 0.03745, 0.02297
0.02149, 0.03745, 0.03745, 0.02297
0.02149, 0.03745, 0.03745, 0.02297
0.02149, 0.03745, 0.03745, 0.02297
0.02149, 0.03745, 0.03745, 0.02297
0.02149, 0.03745, 0.03745, 0.02297
0.02149, 0.03745, 0.03745, 0.02297
0.02149, 0.03745, 0.03745, 0.02297
0.02149, 0.03745, 0.03745, 0.02297
0.02149, 0.03745, 0.03745, 0.02297
0.02149, 0.03745, 0.03745, 0.02297
0.02149, 0.03745, 0.03745, 0.02297
0.02149, 0.03745, 0.03745, 0.02297
0.02149, 0.03745, 0.03745, 0.02297
0.02149, 0.03745, 0.03745, 0.02297
0.02149, 0.03745, 0.03745, 0.02297
0.02149, 0.03745, 0.03745, 0.02297
0.02149, 0.03745, 0.03745, 0.02297
0.02149, 0.03745, 0.03745, 0.02297
0.02149, 0.03745, 0.03745, 0.02297
0.02149, 0.03745, 0.03745, 0.02297
0.02149, 0.03745, 0.03745, 0.02297
0.02149, 0.03745, 0.03745, 0.02297
0.02149, 0.03745, 0.03745, 0.02297
0.02149, 0.03745, 0.03745, 0.02297
0.02149, 0.03745, 0.03745, 0.02297
0.02149, 0.03745, 0.03745, 0.02297
0.02149, 0.03745, 0.03745, 0.02297
0.02149, 0.03745, 0.03745, 0.02297
0.02149, 0.03745, 0.03745, 0.02297
0.02149, 0.03745, 0.03745, 0.02297
0.02149, 0.03745, 0.03745, 0.02297
0.02149, 0.03745, 0.03745, 0.02297
0.02149, 0.03745, 0.03745, 0.02297
0.02149, 0.03745, 0.03745, 0.02297
0.02149, 0.03745, 0.03745, 0.02297
0.02149, 0.03745, 0.03745, 0.02297
0.02149, 0.03745, 0.03745, 0.02297
0.02149, 0.03745, 0.03745, 0.02297
0.02149, 0.03745, 0.03745, 0.02297
0.02149, 0.03745, 0.03745, 0.02297
0.02149, 0.03745, 0.03745, 0.02297
0.02149, 0.03745, 0.03745, 0.02297
0.02149, 0.03745, 0.03745, 0.02297
0.02149, 0.03745, 0.03745, 0.02297
0.02149, 0.03745, 0.03745, 0.02297
0.02149, 0.03745, 0.03745, 0.02297
0.02149, 0.03745, 0.03745, 0.02297
0.02149, 0.03745, 0.03745, 0.02297
0.02149, 0.03745, 0.03745, 0.02297
0.02149, 0.03745, 0.03745, 0.02297
0.02149, 0.03745, 0.03745, 0.02297
0.02149, 0.03745, 0.03745, 0.02297
0.02149, 0.03745, 0.03745, 0.02297
0.02149, 0.03745, 0.03745, 0.02297
0.02149, 0.03745, 0.03745, 0.02297
0.02149, 0.03745, 0.03745, 0.02297
0.02149, 0.03745, 0.03745, 0.02297
0.02149, 0.03745, 0.03745, 0.02297
0.02149, 0.03745, 0.03745, 0.02297
0.02149, 0.03745, 0.03745, 0.02297
0.02149, 0.03745, 0.03745, 0.02297
0.02149, 0.03745, 0.03745, 0.02297
0.02149, 0.03745, 0.03745, 0.02297
0.02149, 0.03745, 0.03745, 0.02297
0.02149, 0.03745, 0.03745, 0.02297
0.02149, 0.03745, 0.03745, 0.02297
0.02149, 0.03745, 0.03745, 0.02297
0.02149, 0.03745, 0.03745, 0.02297
0.02149, 0.03745, 0.03745, 0.02297
0.02149, 0.03745, 0.03745, 0.02297
0.02149, 0.03745, 0.03745, 0.02297
0.02149, 0.03745, 0.03745, 0.02297
0.02149, 0.03745, 0.03745, 0.02297
0.02149, 0.03745, 0.03745, 0.02297
0.02149, 0.03745, 0.03745, 0.02297
0.02149, 0.03745, 0.03745, 0.02297
0.02149, 0.03745, 0.03745, 0.02297
0.02149, 0.03745, 0.03745, 0.02297
0.02149, 0.03745, 0.03745, 0.02297
0.02149, 0.03745, 0.03745, 0.02297
0.02149, 0.03745, 0.03745, 0.02297
0.02149, 0.03745, 0.03745, 0.02297
0.02149, 0.03745, 0.03745, 0.02297
0.02149, 0.03745, 0.03745, 0.02297
0.02149, 0.03745, 0.03745, 0.02297
0.02149, 0.03745, 0.03745, 0.02297
0.02149, 0.03745, 0.03745, 0.02297
0.02149, 0.03745, 0.03745, 0.02297
0.02149, 0.03745, 0.03745, 0.02297
0.02149, 0.03745, 0.03745, 0.02297
0.02149, 0.03745, 0.03745, 0.02297
0.02149, 0.03745, 0.03745, 0.02297
0.02149, 0.03745, 0.03745, 0.02297
0.02149, 0.03745, 0.03745, 0.02297
0.02149, 0.03745, 0.03745, 0.02297
0.02149, 0.03745, 0.03745, 0.02297
0.02149, 0.03745, 0.03745, 0.02297
0.02149, 0.03745, 0.03745, 0.02297
0.02149, 0.03745, 0.03745, 0.02297
0.02149, 0.03745, 0.03745, 0.02297
0.02149, 0.03745, 0.03745, 0.02297
0.02149, 0.03745, 0.03745, 0.02297
0.02149, 0.03745, 0.03745, 0.02297
0.02149, 0.03745, 0.03745, 0.02297
0.02149, 0.03745, 0.03745, 0.02297
0.02149, 0.03745, 0.03745, 0.02297
0.02149, 0.03745, 0.03745, 0.02297
0.02149, 0.03745, 0.03745, 0.02297
357.43379, 29.80096, 29.80096, 1889.14015
357.43379, 29.80096, 29.80096, 1889.14015
357.43379, 29.80096, 29.80096, 1889.14015
357.43379, 29.80096, 29.80096, 1889.14015
357.43379, 29.80096, 29.80096, 1889.14015
357.43379, 29.80096, 29.80096, 1889.14015
357.43379, 29.80096, 29.80096, 1889.14015
357.43379, 29.80096, 29.80096, 1889.14015
357.43379, 29.80096, 29.80096, 1889.14015
357.43379, 29.80096, 29.80096, 1889.14015
357.43379, 29.80096, 29.80096, 1889.14015
357.43379, 29.80096, 29.80096, 1889.14015
357.43379, 29.80096, 29.80096, 1889.14015
357.43379, 29.80096, 29.80096, 1889.14015
357.43379, 29.80096, 29.80096, 1889.14015
357.43379, 29.80096, 29.80096, 1889.14015
357.43379, 29.80096, 29.80096, 1889.14015
364.06686, 28.50441, 28.50441, 1806.94942
378.39256, 28.82568, 28.82568, 1827.31563
379.37622, 28.90062, 28.90062, 1832.06586
379.37622, 28.90062, 28.90062, 1832.06586
477.48874, 39.81051, 39.81051, 1754.33213
477.48874, 39.81051, 39.81051, 1754.33213
498.46331, 39.33574, 39.33574, 1733.41022
373.12585, 29.44486, 29.44486, 1866.56616
373.12585, 29.44486, 29.44486, 1866.56616
373.12585, 29.44486, 29.44486, 1866.56616
373.12585, 29.44486, 29.44486, 1866.56616
373.12585, 29.44486, 29.44486, 1866.56616
373.12585, 29.44486, 29.44486, 1866.56616
373.12585, 29.44486, 29.44486, 1866.56616
373.12585, 29.44486, 29.44486, 1866.56616
373.12585, 29.44486, 29.44486, 1866.56616
373.12585, 29.44486, 29.44486, 1866.56616
373.12585, 29.44486, 29.44486, 1866.56616
189.51618, 196.24424, 196.24424, 1730.79701
189.51618, 196.24424, 196.24424, 1730.79701
189.74447, 196.48063, 196.48063, 1732.88190
189.74447, 196.48063, 196.48063, 1732.88190
189.74447, 196.48063, 196.48063, 1732.88190
189.74447, 196.48063, 196.48063, 1732.88190
189.74447, 196.48063, 196.48063, 1732.88190
189.74447, 196.48063, 196.48063, 1732.88190
189.74447, 196.48063, 196.48063, 1732.88190
189.74447, 196.48063, 196.48063, 1732.88190
189.74447, 196.48063, 196.48063, 1732.88190
189.74447, 196.48063, 196.48063, 1732.88190
189.74447, 196.48063, 196.48063, 1732.88190
189.74447, 196.48063, 196.48063, 1732.88190
189.74447, 196.48063, 196.48063, 1732.88190
189.74447, 196.48063, 196.48063, 1732.88190
189.74447, 196.48063, 196.48063, 1732.88190
189.74447, 196.48063, 196.48063, 1732.88190
189.74447, 196.48063, 196.48063, 1732.88190
189.74447, 196.48063, 196.48063, 1732.88190
189.74447, 196.48063, 196.48063, 1732.88190
189.74447, 196.48063, 196.48063, 1732.88190
189.74447, 196.48063, 196.48063, 1732.88190
189.74447, 196.48063, 196.48063, 1732.88190
189.74447, 196.48063, 196.48063, 1732.88190
189.74447, 196.48063, 196.48063, 1732.88190
189.74447, 196.48063, 196.48063, 1732.88190
189.74447, 196.48063, 196.48063, 1732.88190
189.74447, 196.48063, 196.48063, 1732.88190
373.96511, 29.51109, 29.51109, 1870.76457
373.96511, 29.51109, 29.51109, 1870.76457
373.96511, 29.51109, 29.51109, 1870.76457
502.17226, 38.41678, 38.41678, 1743.54471
502.17226, 38.41678, 38.41678, 1743.54471
502.17226, 38.41678, 38.41678, 1743.54471
357.74609, 29.82700, 29.82700, 1890.79076
357.74609, 29.82700, 29.82700, 1890.79076
357.74609, 29.82700, 29.82700, 1890.79076
357.74609, 29.82700, 29.82700, 1890.79076
357.74609, 29.82700, 29.82700, 1890.79076
357.74609, 29.82700, 29.82700, 1890.79076
357.74609, 29.82700, 29.82700, 1890.79076
357.74609, 29.82700, 29.82700, 1890.79076
357.74609, 29.82700, 29.82700, 1890.79076
357.74609, 29.82700, 29.82700, 1890.79076
357.74609, 29.82700, 29.82700, 1890.79076
357.74609, 29.82700, 29.82700, 1890.79076
102.90280, 8.12047, 8.12047, 514.77237
136.67580, 11.39531, 11.39531, 722.37082
0.19968, 0.34787, 0.34787, 0.21343
0.08161, 0.14218, 0.14218, 0.08723
0.25613, 0.44620, 0.44620, 0.27376
0.02149, 0.03745, 0.03745, 0.02297
319.19318, 26.61266, 26.61266, 1687.02756
132.29843, 11.03035, 11.03035, 486.07509
0.13960, 0.24320, 0.24320, 0.14921
502.61287, 38.45049, 38.45049, 1745.07452
319.19318, 26.61266, 26.61266, 1687.02756
0.22702, 0.39550, 0.39550, 0.24265
109.69451, 113.58881, 113.58881, 1001.80860
282.31046, 23.53757, 23.53757, 1492.09180
151.26428, 12.61162, 12.61162, 1766.58081
0.08739, 0.15225, 0.15225, 0.09341
0.02149, 0.03745, 0.03745, 0.02297
0.29649, 0.51653, 0.51653, 0.31690
93.62269, 96.94641, 96.94641, 855.02922
319.19318, 26.61266, 26.61266, 1687.02756
0.04570, 6.35752, 6.35752, 403.01575
0.02700, 0.04703, 0.04703, 231.63205
357.43379, 29.80096, 29.80096, 1889.14015
163.97034, 169.79149, 169.79149, 1497.49418
379.37622, 28.90062, 28.90062, 1832.06586
282.31046, 23.53757, 23.53757, 1492.09180
0.06073, 8.19015, 8.19015, 371.70993
208.18898, 17.35771, 17.35771, 1100.33850
322.06515, 24.26619, 24.26619, 523.84536
774.25742, 0.80841, 0.80841, 0.49598
0.25613, 0.44620, 0.44620, 0.27376
319.19318, 26.61266, 26.61266, 1687.02756
291.60999, 22.30851, 22.30851, 1012.47140
149.45081, 154.75650, 154.75650, 1364.89149
129.88412, 134.49516, 134.49516, 753.43089
773.43821, 0.80755, 0.80755, 0.49546
0.19968, 0.34787, 0.34787, 0.21343
336.53997, 25.63738, 25.63738, 1625.20303
312.78326, 24.50159, 24.50159, 1313.24926
293.75604, 23.18147, 23.18147, 1469.51781
0.13960, 0.24320, 0.24320, 0.14921
498.46331, 39.33574, 39.33574, 1733.41022
0.08161, 0.14218, 0.14218, 0.08723
572.70272, 0.56597, 0.56597, 1368.27760
0.24878, 0.43340, 0.43340, 0.26590
149.45081, 154.75650, 154.75650, 1364.89149
0.02243, 40.93687, 40.93687, 361.04713
9.31750, 9.64828, 9.64828, 582.87586
60.82386, 64.00139, 64.00139, 564.46706
50.87479, 52.68090, 52.68090, 464.62486
0.03657, 0.06371, 0.06371, 218.12856
379.37622, 28.90062, 28.90062, 1832.06586
319.50548, 26.63870, 26.63870, 1688.67817
98.52571, 8.21456, 8.21456, 520.73667
244.09204, 20.35112, 20.35112, 1290.09650
109.69451, 113.58881, 113.58881, 1001.80860
0.36856, 0.64206, 0.64206, 0.39393
357.43379, 29.80096, 29.80096, 1889.14015
0.02149, 0.03745, 0.03745, 0.02297
0.07613, 0.13263, 0.13263, 0.08137
871.01068, 68.73494, 68.73494, 0.54277
340.06935, 28.35320, 28.35320, 1797.36410
319.50548, 26.63870, 26.63870, 1688.67817
91.19184, 94.42926, 94.42926, 832.82893
377.46133, 31.47075, 31.47075, 1386.82335
62.67714, 0.49084, 0.49084, 1132.60261
319.19318, 26.61266, 26.61266, 1687.02756
109.04119, 9.09128, 9.09128, 576.31399
0.02700, 0.04703, 0.04703, 231.63205
0.25613, 0.44620, 0.44620, 0.27376
19.07414, 171.38739, 171.38739, 1736.36546
0.03657, 0.06371, 0.06371, 218.12856
136.67580, 11.39531, 11.39531, 722.37082
208.18898, 17.35771, 17.35771, 1100.33850
0.25613, 0.44620, 0.44620, 0.27376
0.19814, 16.05575, 16.05575, 0.21381
0.36362, 0.63346, 0.63346, 0.38864
673.12648, 123.83954, 123.83954, 287.46759
331.54826, 343.31863, 343.31863, 0.54259
88.24207, 91.37478, 91.37478, 805.88959
0.02700, 0.04703, 0.04703, 231.63205
26.51733, 27.45873, 27.45873, 450.88196
477.90512, 39.84523, 39.84523, 1755.86194
0.36905, 0.64292, 0.64292, 0.39445
282.31046, 23.53757, 23.53757, 1492.09180
0.19968, 0.34787, 0.34787, 0.21343
189.31646, 196.03743, 196.03743, 131.60375
98.52571, 8.21456, 8.21456, 520.73667
50.87479, 52.68090, 52.68090, 464.62486
0.08161, 0.14218, 0.14218, 0.08723
0.04330, 9.33659, 9.33659, 274.86132
319.50548, 26.63870, 26.63870, 1688.67817
0.13960, 0.24320, 0.24320, 0.14921
0.08161, 0.14218, 0.14218, 0.08723
71.33722, 73.86978, 73.86978, 651.50244
0.04892, 77.04597, 77.04597, 0.12649
342.26389, 26.18360, 26.18360, 1188.34199
0.31036, 0.54068, 0.54068, 0.33172
0.02149, 0.03745, 0.03745, 0.02297
634.46586, 0.62701, 0.62701, 0.38469
836.10755, 69.71027, 69.71027, 0.55047
0.42853, 0.74655, 0.74655, 0.45803
102.90280, 8.12047, 8.12047, 514.77237
174.00496, 14.50762, 14.50762, 919.66616
208.50128, 17.38375, 17.38375, 1101.98911
815.49080, 0.77798, 0.77798, 0.47731
0.13960, 0.24320, 0.24320, 0.14921
354.62739, 29.56698, 29.56698, 1874.30754
77.07578, 77.40274, 77.40274, 682.66169
116.96287, 121.11519, 121.11519, 1068.18839
189.74447, 196.48063, 196.48063, 1732.88190
143.20939, 11.30123, 11.30123, 716.40652
310.10836, 25.85521, 25.85521, 1639.01171
177.72654, 14.46087, 14.46087, 916.70252
0.31036, 0.54068, 0.54068, 0.33172
0.02700, 0.04703, 0.04703, 231.63205
0.08161, 0.14218, 0.14218, 0.08723
0.18496, 0.32222, 0.32222, 0.19769
103.13935, 141.41402, 141.41402, 1689.60562
0.31036, 0.54068, 0.54068, 0.33172
774.66121, 64.58720, 64.58720, 297.13409
807.52277, 0.79803, 0.79803, 0.48962
373.12585, 29.44486, 29.44486, 1866.56616
244.40435, 20.37716, 20.37716, 1291.74711
188.48493, 195.17638, 195.17638, 1721.37894
814.03077, 0.80446, 0.80446, 0.49356
0.23986, 0.41787, 0.41787, 0.25637
759.80584, 0.75088, 0.75088, 522.92369
50.87479, 52.68090, 52.68090, 464.62486
91.19184, 94.42926, 94.42926, 832.82893
0.06469, 8.99952, 8.99952, 570.49660
174.31400, 35.46763, 35.46763, 1027.89747
0.06149, 8.55445, 8.55445, 376.96956
0.02243, 40.93687, 40.93687, 361.04713
208.50128, 17.38375, 17.38375, 1101.98911
319.19318, 26.61266, 26.61266, 1687.02756
0.19968, 0.34787, 0.34787, 0.21343
128.95172, 133.52967, 133.52967, 1177.67919
357.74609, 29.82700, 29.82700, 1890.79076
0.36714, 0.63960, 0.63960, 0.39242
149.45081, 154.75650, 154.75650, 1364.89149
0.70503, 35.94977, 35.94977, 0.04460
0.04917, 28.01376, 28.01376, 394.98736
0.36856, 0.64206, 0.64206, 0.39393
0.02149, 0.03745, 0.03745, 0.02297
773.43821, 0.80755, 0.80755, 0.49546
157.70400, 12.44505, 12.44505, 788.91596
0.02700, 0.04703, 0.04703, 231.63205
773.43821, 0.80755, 0.80755, 0.49546
0.25613, 0.44620, 0.44620, 0.27376
142.03357, 147.07594, 147.07594, 1865.99613
179.81438, 14.99198, 14.99198, 127.04574
105.18522, 12.14341, 12.14341, 541.45815
0.19968, 0.34787, 0.34787, 0.21343
128.95172, 133.52967, 133.52967, 1177.67919
338.34819, 26.70041, 26.70041, 1692.59050
188.05887, 194.73519, 194.73519, 1717.48779
0.26919, 0.46896, 0.46896, 0.28772
0.03657, 0.06371, 0.06371, 218.12856
0.08161, 0.14218, 0.14218, 0.08723
293.75604, 23.18147, 23.18147, 1469.51781
0.02149, 0.03745, 0.03745, 0.02297
143.20939, 11.30123, 11.30123, 716.40652
0.03657, 0.06371, 0.06371, 218.12856
0.31036, 0.54068, 0.54068, 0.33172
502.17226, 38.41678, 38.41678, 1743.54471
0.09521, 0.16586, 0.16586, 0.10176
0.28604, 0.49831, 0.49831, 0.30573
598.88219, 49.93166, 49.93166, 1220.75932
143.20939, 11.30123, 11.30123, 716.40652
308.96754, 25.76010, 25.76010, 1632.98211
244.40435, 20.37716, 20.37716, 1291.74711
0.19968, 0.34787, 0.34787, 0.21343
0.03657, 0.06371, 0.06371, 218.12856
297.15718, 22.63723, 22.63723, 1435.01751
0.02149, 0.03745, 0.03745, 0.02297
136.08760, 121.07027, 121.07027, 1622.50825
254.21652, 20.06124, 20.06124, 1271.72092
0.14552, 0.25350, 0.25350, 0.15553
0.04570, 6.35752, 6.35752, 403.01575
0.15235, 0.26540, 0.26540, 1394.41259
163.08960, 184.26905, 184.26905, 1625.18054
0.08161, 0.14218, 0.14218, 0.08723
764.15020, 0.72970, 0.72970, 0.44769
0.02700, 0.04703, 0.04703, 231.63205
357.43379, 29.80096, 29.80096, 1889.14015
0.02700, 0.04703, 0.04703, 231.63205
0.16406, 0.28581, 0.28581, 0.17535
0.34851, 0.60714, 0.60714, 0.37250
0.31778, 81.12095, 81.12095, 0.36949
832.45180, 69.40548, 69.40548, 810.93770
109.69451, 113.58881, 113.58881, 1001.80860
50.87479, 52.68090, 52.68090, 464.62486
0.39634, 2.40945, 2.40945, 0.42364
0.36362, 0.63346, 0.63346, 0.38864
0.02700, 0.04703, 0.04703, 231.63205
814.03077, 0.80446, 0.80446, 0.49356
91.19184, 94.42926, 94.42926, 832.82893
0.08306, 0.14470, 0.14470, 495.43612
142.03357, 147.07594, 147.07594, 1865.99613
96.01318, 7.31422, 7.31422, 463.66237
0.02149, 0.03745, 0.03745, 0.02297
331.54826, 343.31863, 343.31863, 0.54259
444.59686, 35.08492, 35.08492, 1546.08920
173.69266, 14.48158, 14.48158, 918.01555
373.12585, 29.44486, 29.44486, 1866.56616
319.50548, 26.63870, 26.63870, 1688.67817
0.03657, 0.06371, 0.06371, 218.12856
0.03657, 0.06371, 0.06371, 218.12856
244.09204, 20.35112, 20.35112, 1290.09650
0.13960, 0.24320, 0.24320, 0.14921
0.04570, 6.35752, 6.35752, 403.01575
0.02700, 0.04703, 0.04703, 231.63205
343.23452, 6.20511, 6.20511, 1767.46003
737.00768, 61.44784, 61.44784, 806.73582
175.69857, 181.93609, 181.93609, 1604.60478
0.08161, 0.14218, 0.14218, 0.08723
0.19968, 0.34787, 0.34787, 0.21343
355.81257, 28.07860, 28.07860, 1779.95627
0.08161, 0.14218, 0.14218, 0.08723
357.43379, 29.80096, 29.80096, 1889.14015
252.26621, 19.90734, 19.90734, 1769.81114
0.17370, 0.30261, 0.30261, 0.18566
376.80615, 28.70483, 28.70483, 1819.65458
319.50548, 26.63870, 26.63870, 1688.67817
331.54826, 343.31863, 343.31863, 0.54259
0.19947, 0.34750, 0.34750, 0.21320
111.28154, 115.23217, 115.23217, 1016.30244
0.03657, 0.06371, 0.06371, 218.12856
91.19184, 94.42926, 94.42926, 832.82893
0.19968, 0.34787, 0.34787, 0.21343
311.89493, 24.61288, 24.61288, 1560.25781
0.02149, 0.03745, 0.03745, 0.02297
357.74609, 29.82700, 29.82700, 1890.79076
0.42853, 0.74655, 0.74655, 0.45803
773.43821, 0.80755, 0.80755, 0.49546
835.31047, 69.64382, 69.64382, 0.54995
477.48874, 39.81051, 39.81051, 1754.33213
0.19968, 0.34787, 0.34787, 0.21343
297.14951, 26.87425, 26.87425, 1703.61038
0.03657, 0.06371, 0.06371, 218.12856
0.36856, 0.64206, 0.64206, 0.39393
189.74447, 196.48063, 196.48063, 1732.88190
0.19968, 0.34787, 0.34787, 0.21343
331.54826, 343.31863, 343.31863, 0.54259
91.19184, 94.42926, 94.42926, 832.82893
84.41902, 46.46313, 46.46313, 721.65865
0.42853, 0.74655, 0.74655, 0.45803
0.02700, 0.04703, 0.04703, 231.63205
693.92232, 0.66200, 0.66200, 0.40616
0.05129, 0.08936, 0.08936, 0.05483
357.43379, 29.80096, 29.80096, 1889.14015
98.52571, 8.21456, 8.21456, 520.73667
divergence_from_baseline:158.073500707
