
Model: DTLZ_7
Args:
	number of decisions: 30
	number of objectives: 2
Settings: 
{	:better <function lt at 0x108ffa140>
 	:candidates 500
 	:era 100
 	:gens 500
 	:lives 3
 	:mutate_prob 0.25
 	:patience 2
 	:retain 0.33
}
 Baseline Population: 
0.76467, 12.95911
0.52185, 13.78852
0.57810, 11.12384
0.87652, 12.78668
0.55698, 13.25222
0.08824, 12.25559
0.23042, 13.55204
0.49013, 14.04954
0.01855, 14.47619
0.43798, 14.15598
0.87836, 10.94986
0.40141, 14.22022
0.62067, 13.06935
0.84481, 9.54390
0.06947, 11.53611
0.64752, 13.23129
0.55937, 11.65846
0.36947, 13.38206
0.97239, 13.05039
0.37275, 11.69516
0.54637, 13.55775
0.49143, 14.13502
0.06741, 12.20708
0.72510, 9.44400
0.55671, 11.31500
0.63508, 12.75531
0.65223, 13.65064
0.48676, 11.32006
0.48602, 13.41851
0.61280, 13.18469
0.59929, 13.43791
0.90301, 10.50189
0.32975, 11.42405
0.69978, 12.62632
0.71594, 13.21755
0.15581, 11.93813
0.07031, 11.59916
0.56637, 13.10389
0.90780, 10.97965
0.21076, 11.49649
0.15655, 13.28750
0.39503, 10.90751
0.44153, 13.57521
0.87832, 11.22209
0.45894, 13.60678
0.82730, 9.99283
0.37286, 13.19878
0.15706, 13.48893
0.56690, 13.53781
0.65705, 11.76602
0.89043, 10.61703
0.95926, 13.26406
0.58527, 11.56177
0.30072, 13.35109
0.90222, 11.38445
0.54833, 13.91928
0.59442, 13.05571
0.64452, 12.99628
0.99631, 12.47064
0.27739, 12.02489
0.74644, 11.17274
0.93415, 10.59816
0.17087, 13.16591
0.08212, 11.50566
0.75202, 11.53738
0.99903, 13.18447
0.51880, 13.98479
0.61250, 12.92345
0.04551, 13.63953
0.81741, 10.19547
0.99583, 12.33904
0.93481, 11.24757
0.55223, 11.68683
0.89808, 11.48653
0.15431, 11.17495
0.79471, 11.27995
0.78571, 10.27551
0.50870, 12.89455
0.82828, 9.57722
0.13550, 11.01336
0.99546, 13.45653
0.48128, 13.80298
0.66481, 11.34272
0.88259, 10.67205
0.15589, 11.79165
0.64761, 13.22615
0.97636, 12.80665
0.79099, 11.28892
0.15711, 13.42604
0.62029, 11.75125
0.90472, 11.12129
0.08058, 14.49465
0.22200, 9.86838
0.44254, 13.99632
0.02274, 12.40001
0.64773, 12.89243
0.69936, 10.92145
0.21703, 11.32620
0.38632, 13.80043
0.95604, 12.39865
0.25913, 13.77659
0.61975, 11.24162
0.51320, 13.00094
0.92144, 12.41308
0.88409, 11.41600
0.69973, 13.37777
0.48473, 13.13084
0.02863, 12.33190
0.65960, 12.98619
0.02134, 11.51386
0.73517, 10.05259
0.12405, 12.23246
0.17846, 11.94346
0.03018, 10.82926
0.03541, 13.49559
0.49970, 13.59810
0.74742, 13.42571
0.91071, 11.30958
0.32230, 12.08154
0.97654, 12.77085
0.31861, 12.08357
0.96660, 13.30221
0.36018, 10.34761
0.81953, 11.60284
0.70660, 13.72042
0.09908, 11.59999
0.81299, 9.37667
0.96913, 11.29399
0.46844, 14.58023
0.84480, 11.17012
0.05383, 12.33344
0.63631, 12.77794
0.83215, 11.13712
0.47174, 11.94996
0.44793, 13.34508
0.72058, 13.14547
0.15186, 11.86101
0.73230, 14.22169
0.66548, 12.76110
0.99250, 13.28147
0.60653, 12.92756
0.23322, 11.78545
0.84799, 10.79729
0.58452, 13.91625
0.59392, 12.77992
0.17115, 13.68649
0.04556, 10.61876
0.17134, 13.29688
0.56273, 13.77888
0.49434, 13.13074
0.33010, 13.43900
0.83075, 10.03078
0.77806, 13.09176
0.52881, 13.03184
0.52351, 13.92816
0.71800, 11.65899
0.84132, 11.32745
0.47837, 13.71180
0.10186, 13.40324
0.35625, 13.10065
0.50829, 11.74076
0.54377, 15.09773
0.88685, 11.19578
0.23994, 11.43277
0.64905, 12.68085
0.26360, 11.80158
0.33268, 11.42511
0.02654, 11.81314
0.71196, 12.89208
0.47540, 13.62075
0.27441, 13.85112
0.67453, 11.48201
0.73343, 11.24586
0.23083, 13.18953
0.71644, 13.20790
0.87300, 11.20806
0.67514, 12.96359
0.66759, 11.53303
0.67497, 13.18811
0.71675, 10.03499
0.46294, 11.31578
0.50545, 13.54520
0.97876, 12.92662
0.05586, 13.28573
0.45871, 13.48238
0.02563, 12.23411
0.77599, 10.60797
0.76525, 11.04901
0.55755, 15.41782
0.94309, 12.61747
0.88695, 10.50586
0.13183, 13.27953
0.64086, 13.05759
0.92321, 11.47394
0.98689, 12.78455
0.58211, 13.85913
0.40496, 11.12510
0.08304, 12.09051
0.06359, 12.01854
0.43493, 11.33852
0.73924, 11.47652
0.52198, 11.85557
0.30207, 11.46731
0.14282, 11.62472
0.89507, 11.30085
0.85100, 11.13577
0.17774, 11.87686
0.36884, 14.77441
0.66036, 13.32229
0.39707, 13.79187
0.09722, 13.54015
0.86698, 8.77292
0.63283, 13.48479
0.69903, 11.43859
0.43567, 13.10033
0.51125, 12.82110
0.51222, 12.91728
0.50441, 13.20761
0.87694, 10.07031
0.32979, 11.60260
0.42558, 14.05746
0.01485, 11.62551
0.95309, 11.13227
0.90967, 12.85207
0.70625, 11.66545
0.13916, 13.72768
0.39357, 14.34762
0.85140, 10.47240
0.09467, 10.88575
0.19970, 13.43424
0.94642, 12.44913
0.68465, 11.08808
0.46313, 13.46834
0.65311, 10.83308
0.15659, 14.34422
0.38668, 11.70869
0.30149, 14.35969
0.89589, 10.17060
0.06921, 12.02097
0.99523, 12.55772
0.78187, 10.61288
0.53472, 14.44310
0.68460, 11.45956
0.90311, 10.14369
0.94284, 11.07571
0.12294, 10.76284
0.15318, 13.50232
0.78226, 10.34095
0.24175, 12.17466
0.89305, 12.53390
0.60028, 13.11736
0.29864, 13.47509
0.81396, 11.17050
0.87905, 12.83924
0.40405, 13.12030
0.57848, 13.22633
0.93791, 13.48962
0.26685, 12.03651
0.27137, 11.52480
0.13190, 14.08343
0.60883, 11.36388
0.36233, 11.39909
0.71056, 11.64532
0.39772, 13.57980
0.75466, 13.28139
0.82743, 10.22852
0.45317, 13.28099
0.75524, 10.46755
0.69603, 10.75230
0.77291, 12.88897
0.69616, 11.19994
0.89017, 13.31482
0.42992, 13.33448
0.16668, 11.15541
0.87161, 10.58106
0.67431, 10.98795
0.22765, 13.72005
0.18622, 11.84358
0.31165, 11.94532
0.73535, 13.22724
0.09323, 14.77000
0.81640, 10.72552
0.34568, 11.43541
0.64585, 12.84236
0.89929, 11.34171
0.50331, 14.48221
0.76672, 13.35999
0.54778, 12.84949
0.13976, 13.33739
0.44485, 12.97600
0.98447, 12.87731
0.07819, 11.68281
0.39991, 14.14335
0.15038, 11.82241
0.56771, 12.79715
0.85244, 11.42251
0.72534, 13.08204
0.41655, 14.04020
0.15171, 13.44856
0.39285, 11.99807
0.79905, 13.86672
0.79787, 13.61207
0.79417, 11.06378
0.32282, 14.23748
0.97463, 11.19382
0.76357, 11.27674
0.69046, 11.70457
0.31548, 11.95360
0.03531, 13.49077
0.57267, 14.06815
0.45221, 13.46442
0.68560, 11.17255
0.88697, 11.24380
0.58084, 11.67165
0.15523, 9.75060
0.07637, 15.51726
0.17977, 13.29954
0.59052, 13.01831
0.28138, 10.86758
0.83354, 11.52833
0.44156, 15.03101
0.84251, 11.58335
0.52073, 13.20503
0.26486, 13.35964
0.85091, 10.37275
0.67581, 14.41388
0.72674, 12.89858
0.63423, 13.51268
0.45599, 11.82740
0.41666, 13.58820
0.31553, 11.79424
0.27434, 11.14386
0.51418, 10.77072
0.77334, 10.85126
0.04005, 13.33371
0.46955, 13.39584
0.70642, 10.70833
0.92205, 8.99158
0.42255, 14.27512
0.81400, 11.14125
0.06300, 11.20237
0.12774, 11.11399
0.54377, 13.22031
0.09442, 12.29773
0.11666, 12.07412
0.40680, 14.04379
0.09751, 11.70868
0.33004, 11.25586
0.00121, 10.36065
0.49024, 13.15481
0.32837, 10.40434
0.14193, 14.02994
0.18739, 12.09997
0.90187, 10.45525
0.51758, 13.17865
0.67342, 10.97970
0.66993, 12.67624
0.89700, 11.33880
0.09714, 10.62505
0.15615, 11.91589
0.63978, 12.74328
0.62808, 14.40880
0.33143, 13.81317
0.38679, 13.09228
0.61820, 13.14098
0.22485, 10.46497
0.69849, 10.54255
0.67767, 10.28699
0.58115, 13.15385
0.22598, 13.32335
0.99279, 12.57671
0.04616, 12.06415
0.14155, 10.77186
0.80999, 10.69713
0.63667, 12.71635
0.50598, 11.57497
0.32709, 14.22660
0.18084, 11.84749
0.69537, 12.99756
0.20404, 12.04490
0.82724, 10.52161
0.38435, 13.02718
0.23846, 12.00541
0.75672, 11.64069
0.61465, 14.16110
0.61118, 12.74933
0.56159, 14.19612
0.71564, 11.04378
0.29048, 14.00120
0.91916, 13.25096
0.59031, 11.79114
0.55135, 13.75710
0.81391, 10.49242
0.57617, 13.43748
0.08179, 13.37509
0.62187, 11.52313
0.60862, 11.52713
0.41247, 14.05619
0.90451, 9.35507
0.08019, 11.66154
0.76788, 12.64290
0.19436, 13.32501
0.69860, 12.78913
0.77510, 12.86969
0.42919, 12.94737
0.73318, 10.67900
0.50926, 13.25534
0.72370, 11.45542
0.60686, 14.37659
0.12881, 13.58146
0.99690, 12.95642
0.23007, 11.51408
0.70540, 13.19348
0.67282, 12.96392
0.07156, 12.34152
0.98424, 11.27349
0.09423, 10.09475
0.51128, 13.65742
0.28430, 13.25948
0.05033, 13.98419
0.80410, 11.17144
0.42262, 13.26874
0.98470, 10.55601
0.19239, 13.93934
0.66717, 11.62286
0.06265, 13.27484
0.01083, 11.77704
0.52013, 13.40930
0.89135, 10.32118
0.64458, 13.05396
0.85701, 11.12930
0.00754, 11.72775
0.18487, 11.86041
0.87296, 10.96407
0.28710, 10.83119
0.65596, 11.73623
0.18699, 11.38240
0.21354, 12.18290
0.65051, 13.65525
0.89530, 11.35390
0.51190, 14.04044
0.26896, 13.52174
0.87397, 11.32417
0.49497, 15.14044
0.81039, 12.65591
0.68851, 11.18477
0.15907, 14.27479
0.26844, 11.19616
0.64429, 13.55935
0.79087, 11.45690
0.21086, 13.48792
0.94034, 11.32520
0.29164, 11.21414
0.06829, 10.03730
0.67443, 11.32017
0.74112, 12.68255
0.51696, 13.05988
0.47659, 15.21666
0.64346, 11.43555
0.07774, 11.64620
0.69119, 10.96771
0.92061, 10.74125
0.89771, 10.65351
0.56490, 13.20818
0.88473, 9.95743
0.85361, 10.84242
0.77614, 11.47834
0.10431, 12.19826
0.00158, 14.70587
0.79757, 11.42390
0.67394, 12.97949
0.48456, 13.52088
0.76394, 10.06449
0.65980, 11.59626
0.55183, 14.29490
0.75994, 11.20843
0.64276, 13.37066
0.53091, 13.88606
0.43248, 13.99889
0.13429, 11.66417
0.35887, 13.04072
0.06678, 10.59195
0.59665, 11.50686
0.43296, 9.87853
0.50235, 13.35693
0.71918, 11.35007
0.85407, 10.56526
0.61844, 11.60117
0.47131, 15.55352
0.89102, 11.18619
0.32944, 13.87662
0.54918, 15.59122
0.42198, 11.84522
0.88079, 11.37403
0.69066, 10.97819
0.62719, 11.77525
0.47952, 14.50501
0.23209, 11.72480
0.12453, 11.11609
0.66484, 13.42513

 Final Population: 
0.86698, 3.89139
0.86698, 3.89139
0.86698, 3.89139
0.86698, 3.89139
0.86698, 3.89139
0.86698, 3.89139
0.86698, 3.89139
0.86698, 3.89139
0.86698, 3.89139
0.86698, 3.89139
0.86698, 3.89139
0.86698, 3.89139
0.86698, 3.89139
0.86698, 3.89139
0.86698, 3.89139
0.86698, 3.89139
0.86698, 3.89139
0.86698, 3.89139
0.86698, 3.89139
0.86698, 3.89139
0.86698, 3.89139
0.86698, 3.89139
0.86698, 3.89139
0.86698, 3.89139
0.86698, 3.89139
0.86698, 3.89139
0.86698, 3.89139
0.86698, 3.89139
0.86698, 3.89139
0.86698, 3.89139
0.86698, 3.89139
0.86698, 3.89139
0.86698, 3.89139
0.86698, 3.89139
0.86698, 3.89139
0.86698, 3.89139
0.86698, 3.89139
0.86698, 3.89139
0.86698, 3.89139
0.86698, 3.89139
0.86698, 3.89139
0.86698, 3.89139
0.86698, 3.89139
0.86698, 3.89139
0.86698, 3.89139
0.86698, 3.89139
0.86698, 3.89139
0.86698, 3.89139
0.86698, 3.89139
0.86698, 3.89139
0.86698, 3.89139
0.86698, 3.89139
0.86698, 3.89139
0.86698, 3.89139
0.86698, 3.89139
0.86698, 3.89139
0.86698, 3.89139
0.86698, 3.89139
0.86698, 3.89139
0.86698, 3.89139
0.86698, 3.89139
0.86698, 3.89139
0.86698, 3.89139
0.86698, 3.89139
0.86698, 3.89139
0.86698, 3.89139
0.86698, 3.89139
0.86698, 3.89139
0.86698, 3.89139
0.86698, 3.89139
0.86698, 3.89139
0.86698, 3.89139
0.86698, 3.89139
0.86698, 3.89139
0.86698, 3.89139
0.86698, 3.89139
0.86698, 3.89139
0.86698, 3.89139
0.86698, 3.89139
0.86698, 3.89139
0.86698, 3.89139
0.86698, 3.89139
0.86698, 3.89139
0.86698, 3.89139
0.86698, 3.89139
0.86698, 3.89139
0.86698, 3.89139
0.86698, 3.89139
0.86698, 3.89139
0.86698, 3.89139
0.86698, 3.89139
0.86698, 3.89139
0.86698, 3.89139
0.86698, 3.89139
0.86698, 3.89139
0.86698, 3.89139
0.86698, 3.89139
0.86698, 3.89139
0.86698, 3.89139
0.86698, 3.89139
0.86698, 3.89139
0.86698, 3.89139
0.86698, 3.89139
0.86698, 3.89139
0.86698, 3.89139
0.86698, 3.89139
0.86698, 3.89139
0.86698, 3.89139
0.86698, 3.89139
0.86698, 3.89139
0.86698, 3.89139
0.86698, 3.89139
0.86698, 3.89139
0.86698, 3.89139
0.86698, 3.89139
0.86698, 3.89139
0.86698, 3.89139
0.86698, 3.89139
0.86698, 3.89139
0.86698, 3.89139
0.86698, 3.89139
0.86698, 3.89139
0.86698, 3.89139
0.86698, 3.89139
0.86698, 3.89139
0.86698, 3.89139
0.86698, 3.89139
0.86698, 3.89139
0.86698, 3.89139
0.86698, 3.89139
0.86698, 3.89139
0.86698, 3.89139
0.86698, 3.89139
0.86698, 3.89139
0.86698, 3.89139
0.86698, 3.89139
0.86698, 3.89139
0.86698, 3.89139
0.86698, 3.89139
0.86698, 3.89139
0.86698, 3.89139
0.86698, 3.89139
0.86698, 3.89139
0.86698, 3.89139
0.86698, 3.89139
0.86698, 3.89139
0.86698, 3.89139
0.86698, 3.89139
0.86698, 3.89139
0.86698, 3.89139
0.86698, 3.89139
0.86698, 3.89139
0.86698, 3.89139
0.86698, 3.89139
0.86698, 3.89139
0.86698, 3.89139
0.86698, 3.89139
0.86698, 3.89139
0.86698, 3.89139
0.86698, 3.89139
0.86698, 3.89139
0.86698, 3.89139
0.86698, 3.89139
0.86698, 3.89139
0.86698, 3.89139
0.55755, 15.57417
0.55755, 15.57417
0.55755, 15.57417
0.55755, 15.57417
0.55755, 15.57417
0.55755, 15.57417
0.55755, 15.57417
0.55755, 15.57417
0.55755, 15.57417
0.55755, 15.57417
0.55755, 15.57417
0.55755, 15.57417
0.55755, 15.57417
0.55755, 15.57417
0.55755, 15.57417
0.55755, 15.57417
0.55755, 15.57417
0.55755, 15.57417
0.55755, 15.57417
0.55755, 15.57417
0.55755, 15.57417
0.55755, 15.57417
0.55755, 15.57417
0.55755, 15.57417
0.55755, 15.57417
0.55755, 15.57417
0.55755, 15.57417
0.55755, 15.57417
0.55755, 15.57417
0.55755, 15.57417
0.55755, 15.57417
0.55755, 15.57417
0.55755, 15.57417
0.55755, 15.57417
0.55755, 15.57417
0.55755, 15.57417
0.55755, 15.57417
0.55755, 15.57417
0.55755, 15.57417
0.55755, 15.57417
0.55755, 15.57417
0.55755, 15.57417
0.55755, 15.57417
0.55755, 15.57417
0.55755, 15.57417
0.55755, 15.57417
0.55755, 15.57417
0.55755, 15.57417
0.55755, 15.57417
0.55755, 15.57417
0.55755, 15.57417
0.55755, 15.57417
0.55755, 15.57417
0.55755, 15.57417
0.55755, 15.57417
0.55755, 15.57417
0.55755, 15.57417
0.55755, 15.57417
0.55755, 15.57417
0.55755, 15.57417
0.55755, 15.57417
0.55755, 15.57417
0.55755, 15.57417
0.55755, 15.57417
0.55755, 15.57417
0.55755, 15.57417
0.55755, 15.57417
0.55755, 15.57417
0.55755, 15.57417
0.55755, 15.57417
0.55755, 15.57417
0.55755, 15.57740
0.55755, 15.57740
0.54918, 15.58796
0.54918, 15.58796
0.54918, 15.58796
0.54918, 15.58796
0.54918, 15.58796
0.54918, 15.58796
0.54918, 15.58796
0.54918, 15.58796
0.54918, 15.59122
0.86698, 9.82935
0.55755, 10.70259
0.55755, 7.01124
0.54918, 14.54682
0.86698, 8.24493
0.86698, 11.57557
0.55755, 15.02230
0.86698, 5.53852
0.86698, 8.24493
0.86698, 12.76819
0.86698, 5.62425
0.55755, 13.78356
0.86698, 10.94537
0.86698, 12.69682
0.47064, 8.68045
0.55755, 12.73241
0.54918, 14.54682
0.86698, 6.14058
0.86698, 13.90918
0.86698, 11.87374
0.55755, 14.99053
0.86698, 6.05891
0.86698, 10.18115
0.86698, 13.22131
0.86698, 4.98859
0.55755, 15.07418
0.55755, 10.67133
0.86698, 6.73314
0.55755, 6.01619
0.86698, 12.30747
0.55755, 14.60446
0.86698, 12.45432
0.55755, 9.53129
0.55755, 9.63620
0.86698, 5.95091
0.86698, 5.53852
0.86698, 5.62425
0.55755, 15.30806
0.86698, 5.67606
0.55755, 15.05920
0.86698, 6.17176
0.55755, 9.24548
0.86698, 11.10364
0.86698, 14.14911
0.86698, 9.37941
0.86698, 14.14911
0.86698, 11.57557
0.55755, 10.08615
0.64510, 15.40020
0.55755, 7.88998
0.86698, 11.24913
0.54918, 7.74780
0.86698, 8.24493
0.86698, 8.79423
0.86698, 13.44936
0.55755, 7.01124
0.86698, 4.47405
0.84906, 7.92290
0.86698, 11.87374
0.86698, 5.62425
0.55755, 14.19119
0.86698, 6.14058
0.55755, 13.92703
0.55755, 14.47697
0.86698, 3.89139
0.86698, 13.72067
0.55755, 7.50487
0.86698, 14.14911
0.55755, 15.57091
0.86698, 13.44936
0.86698, 14.14911
0.95639, 6.61007
0.92965, 9.69248
0.86698, 10.93246
0.86698, 12.45432
0.55755, 13.84130
0.86698, 11.97937
0.89352, 14.53251
0.55755, 9.15401
0.55755, 6.75329
0.55755, 7.88998
0.55755, 10.88265
0.55755, 7.90866
0.55755, 5.31645
0.86698, 13.90918
0.55755, 12.34483
0.55755, 6.37637
0.55755, 9.63620
0.55755, 15.57091
0.55755, 5.55638
0.86698, 5.62425
0.86698, 4.98859
0.55755, 13.32498
0.55755, 9.00487
0.55755, 9.24548
0.86698, 13.24187
0.86698, 12.71227
0.86698, 4.98859
0.86698, 13.90918
0.86698, 9.37941
0.86698, 11.57557
0.55755, 7.83325
0.55755, 11.94124
0.55755, 7.88998
0.86698, 5.53852
0.55755, 9.08114
0.86698, 8.49767
0.54918, 8.47804
0.55755, 9.24548
0.55755, 14.46403
0.86698, 11.87374
0.55755, 7.38454
0.55755, 10.73219
0.86698, 6.73314
0.86698, 6.97108
0.54918, 5.47270
0.86698, 13.89572
0.55755, 7.46294
0.86698, 9.82935
0.86698, 5.27436
0.55755, 10.70259
0.86698, 11.97937
0.54918, 7.85343
0.86698, 6.17176
0.55755, 12.23638
0.55755, 12.73241
0.86698, 11.36771
0.55755, 14.19119
0.86698, 14.14911
0.55755, 8.23511
0.49391, 10.95290
0.55755, 6.01619
0.86698, 9.82935
0.55755, 6.75329
0.55755, 11.22062
0.55755, 13.32498
0.86698, 9.09923
0.99512, 6.99433
0.55755, 14.99151
0.54918, 8.23348
0.55755, 7.88998
0.86698, 6.14058
0.86698, 5.53852
0.86698, 9.82935
0.86698, 8.53911
0.86698, 8.01398
0.55755, 15.30044
0.86698, 10.46068
0.55755, 10.59809
0.86698, 14.14911
0.54918, 6.39342
0.54918, 15.45660
0.55755, 8.21643
0.55755, 7.59181
0.55755, 12.92110
0.86698, 12.53156
0.86698, 8.59521
0.86698, 13.08918
0.86698, 8.76296
0.55755, 12.73241
0.86698, 8.04205
0.54918, 15.47511
0.55755, 13.90557
0.55755, 8.37379
0.86698, 12.71227
0.55755, 11.94124
0.55755, 14.31433
0.86698, 8.58035
0.86698, 13.90592
0.54918, 13.51495
0.55755, 10.82207
0.55755, 10.53726
0.86698, 4.47405
0.95852, 8.86263
0.86698, 8.04205
0.77378, 11.25895
0.86698, 12.20650
0.00665, 9.17776
0.86698, 14.00991
0.55755, 14.53832
0.55755, 15.07413
0.55755, 7.59181
0.86698, 10.22008
0.55755, 6.01619
0.55755, 10.67133
0.86698, 11.87374
0.54918, 8.79470
0.86698, 9.82935
0.86698, 5.25222
0.86698, 9.13159
0.54918, 6.03324
0.86698, 9.82935
0.86698, 5.62425
0.54918, 7.74780
0.86698, 14.14911
0.86698, 7.22917
0.86698, 7.22917
0.86698, 5.62425
0.55755, 7.88998
0.55755, 5.31645
0.55755, 8.21643
0.64854, 12.59824
0.86698, 13.44665
0.86698, 11.24913
0.55755, 11.22062
0.86698, 11.71511
0.55755, 13.84130
0.86698, 11.24913
0.86698, 8.61528
0.10365, 7.13722
0.55755, 9.00487
0.86698, 14.00991
0.86698, 12.45432
0.55755, 12.09400
0.54918, 11.46537
0.86698, 8.33591
0.55755, 7.59181
0.86698, 6.17176
0.55755, 6.75329
0.55755, 10.70259
0.55755, 14.73695
0.18192, 14.78272
0.86698, 12.12511
0.55755, 10.67133
0.86698, 9.37941
0.86698, 6.48834
0.55755, 10.74046
0.86698, 13.44936
0.55755, 7.55978
0.55755, 8.82825
0.86698, 9.13159
0.86698, 10.93246
0.54918, 8.55014
0.55755, 14.74044
0.86698, 9.28664
0.86698, 8.34600
0.55755, 5.55638
0.75592, 10.77450
0.86698, 10.30924
0.55755, 15.57417
0.55755, 14.19119
0.86698, 9.37941
0.54918, 10.68838
0.86698, 13.90918
0.86698, 9.37941
0.55755, 9.93558
0.86698, 9.37941
0.86698, 4.47405
0.55755, 13.81535
0.86698, 13.44611
0.86698, 5.67606
0.54918, 13.80329
0.55755, 7.88998
divergence_from_baseline:2.01828183581
