
Model: DTLZ_1
Args:
	number of decisions: 10
	number of objectives: 8Settings: 
{	:better <function lt at 0x10158a1b8>
 	:candidates 500
 	:era 100
 	:gens 500
 	:lives 3
 	:mutate_prob 0.25
 	:patience 3
 	:retain 0.33
}

Baseline Population: 
1.23985, 243.06674, 243.06674, 243.06674, 243.06674, 243.06674, 243.06674, 347.66540
0.01075, 20.61809, 20.61809, 20.61809, 20.61809, 20.61809, 20.61809, 347.86549
24.06117, 132.43943, 132.43943, 132.43943, 132.43943, 132.43943, 132.43943, 99.41119
0.04765, 35.03446, 35.03446, 35.03446, 35.03446, 35.03446, 35.03446, 551.08128
0.01643, 221.11623, 221.11623, 221.11623, 221.11623, 221.11623, 221.11623, 307.47177
0.39660, 297.72359, 297.72359, 297.72359, 297.72359, 297.72359, 297.72359, 43.91510
0.17655, 103.48737, 103.48737, 103.48737, 103.48737, 103.48737, 103.48737, 673.50578
12.04399, 81.25590, 81.25590, 81.25590, 81.25590, 81.25590, 81.25590, 23.62070
5.21482, 1.03985, 1.03985, 1.03985, 1.03985, 1.03985, 1.03985, 620.32107
0.11524, 93.39424, 93.39424, 93.39424, 93.39424, 93.39424, 93.39424, 530.87010
11.59126, 33.56023, 33.56023, 33.56023, 33.56023, 33.56023, 33.56023, 264.73969
0.25134, 105.41878, 105.41878, 105.41878, 105.41878, 105.41878, 105.41878, 184.69177
1.36225, 198.88119, 198.88119, 198.88119, 198.88119, 198.88119, 198.88119, 101.53529
5.77617, 72.92160, 72.92160, 72.92160, 72.92160, 72.92160, 72.92160, 164.36651
8.43122, 121.21780, 121.21780, 121.21780, 121.21780, 121.21780, 121.21780, 168.94127
0.00984, 0.41204, 0.41204, 0.41204, 0.41204, 0.41204, 0.41204, 704.27212
0.05958, 120.26490, 120.26490, 120.26490, 120.26490, 120.26490, 120.26490, 416.83858
0.07573, 477.67985, 477.67985, 477.67985, 477.67985, 477.67985, 477.67985, 180.60987
25.59758, 25.41771, 25.41771, 25.41771, 25.41771, 25.41771, 25.41771, 205.30462
1.22897, 13.67621, 13.67621, 13.67621, 13.67621, 13.67621, 13.67621, 271.27670
0.03988, 98.74105, 98.74105, 98.74105, 98.74105, 98.74105, 98.74105, 216.98721
9.53823, 33.63276, 33.63276, 33.63276, 33.63276, 33.63276, 33.63276, 260.77343
1.69250, 16.80579, 16.80579, 16.80579, 16.80579, 16.80579, 16.80579, 598.07348
15.15402, 30.31272, 30.31272, 30.31272, 30.31272, 30.31272, 30.31272, 89.29128
0.48205, 449.32871, 449.32871, 449.32871, 449.32871, 449.32871, 449.32871, 110.71655
0.07047, 432.45864, 432.45864, 432.45864, 432.45864, 432.45864, 432.45864, 94.15788
0.11192, 258.55046, 258.55046, 258.55046, 258.55046, 258.55046, 258.55046, 307.15336
0.11446, 226.02094, 226.02094, 226.02094, 226.02094, 226.02094, 226.02094, 300.04367
0.40657, 43.18283, 43.18283, 43.18283, 43.18283, 43.18283, 43.18283, 281.01674
1.29347, 108.13515, 108.13515, 108.13515, 108.13515, 108.13515, 108.13515, 189.75309
0.07890, 8.08781, 8.08781, 8.08781, 8.08781, 8.08781, 8.08781, 625.52168
9.11069, 105.56806, 105.56806, 105.56806, 105.56806, 105.56806, 105.56806, 207.00857
0.09888, 18.18672, 18.18672, 18.18672, 18.18672, 18.18672, 18.18672, 294.35935
0.02856, 93.93743, 93.93743, 93.93743, 93.93743, 93.93743, 93.93743, 518.98388
5.36728, 19.31022, 19.31022, 19.31022, 19.31022, 19.31022, 19.31022, 217.20138
1.35509, 269.84345, 269.84345, 269.84345, 269.84345, 269.84345, 269.84345, 38.16103
0.01526, 107.58728, 107.58728, 107.58728, 107.58728, 107.58728, 107.58728, 129.81183
6.75403, 140.11312, 140.11312, 140.11312, 140.11312, 140.11312, 140.11312, 187.63554
14.76753, 20.64288, 20.64288, 20.64288, 20.64288, 20.64288, 20.64288, 73.94170
4.59166, 10.05120, 10.05120, 10.05120, 10.05120, 10.05120, 10.05120, 264.49286
0.22892, 0.36903, 0.36903, 0.36903, 0.36903, 0.36903, 0.36903, 360.02216
12.29391, 263.86646, 263.86646, 263.86646, 263.86646, 263.86646, 263.86646, 41.90345
2.18647, 119.46324, 119.46324, 119.46324, 119.46324, 119.46324, 119.46324, 122.98045
1.77887, 52.40117, 52.40117, 52.40117, 52.40117, 52.40117, 52.40117, 164.97166
0.56222, 45.81793, 45.81793, 45.81793, 45.81793, 45.81793, 45.81793, 135.73419
0.47880, 77.24234, 77.24234, 77.24234, 77.24234, 77.24234, 77.24234, 140.61391
6.90389, 12.45323, 12.45323, 12.45323, 12.45323, 12.45323, 12.45323, 320.95526
2.44144, 200.24960, 200.24960, 200.24960, 200.24960, 200.24960, 200.24960, 69.41696
11.85703, 89.84827, 89.84827, 89.84827, 89.84827, 89.84827, 89.84827, 76.66533
1.50310, 81.67001, 81.67001, 81.67001, 81.67001, 81.67001, 81.67001, 172.93908
2.39187, 109.58895, 109.58895, 109.58895, 109.58895, 109.58895, 109.58895, 13.84871
31.31089, 3.46750, 3.46750, 3.46750, 3.46750, 3.46750, 3.46750, 4.46296
0.05326, 51.81029, 51.81029, 51.81029, 51.81029, 51.81029, 51.81029, 547.18177
0.96196, 55.79380, 55.79380, 55.79380, 55.79380, 55.79380, 55.79380, 269.08099
0.91028, 14.46094, 14.46094, 14.46094, 14.46094, 14.46094, 14.46094, 553.77108
0.42688, 16.37994, 16.37994, 16.37994, 16.37994, 16.37994, 16.37994, 521.83461
11.80878, 39.84514, 39.84514, 39.84514, 39.84514, 39.84514, 39.84514, 119.95068
2.47416, 119.90823, 119.90823, 119.90823, 119.90823, 119.90823, 119.90823, 94.75013
0.12093, 90.64029, 90.64029, 90.64029, 90.64029, 90.64029, 90.64029, 141.55916
0.64983, 58.94452, 58.94452, 58.94452, 58.94452, 58.94452, 58.94452, 486.45463
0.41492, 157.47000, 157.47000, 157.47000, 157.47000, 157.47000, 157.47000, 108.15679
1.60475, 151.62590, 151.62590, 151.62590, 151.62590, 151.62590, 151.62590, 448.73121
0.14397, 221.22348, 221.22348, 221.22348, 221.22348, 221.22348, 221.22348, 4.53053
2.73350, 95.87339, 95.87339, 95.87339, 95.87339, 95.87339, 95.87339, 259.05810
0.38522, 31.39167, 31.39167, 31.39167, 31.39167, 31.39167, 31.39167, 182.81969
0.00057, 244.99257, 244.99257, 244.99257, 244.99257, 244.99257, 244.99257, 283.06918
0.32959, 37.34190, 37.34190, 37.34190, 37.34190, 37.34190, 37.34190, 210.93911
0.22283, 0.31579, 0.31579, 0.31579, 0.31579, 0.31579, 0.31579, 112.13976
5.77762, 23.09766, 23.09766, 23.09766, 23.09766, 23.09766, 23.09766, 133.03864
6.65855, 3.82543, 3.82543, 3.82543, 3.82543, 3.82543, 3.82543, 300.93448
0.00868, 586.66545, 586.66545, 586.66545, 586.66545, 586.66545, 586.66545, 14.71701
7.50599, 33.39397, 33.39397, 33.39397, 33.39397, 33.39397, 33.39397, 160.28667
0.01914, 89.55142, 89.55142, 89.55142, 89.55142, 89.55142, 89.55142, 223.41463
34.43120, 86.65153, 86.65153, 86.65153, 86.65153, 86.65153, 86.65153, 173.86415
2.02516, 280.84585, 280.84585, 280.84585, 280.84585, 280.84585, 280.84585, 9.85109
3.50362, 48.46662, 48.46662, 48.46662, 48.46662, 48.46662, 48.46662, 289.82967
26.24773, 125.34448, 125.34448, 125.34448, 125.34448, 125.34448, 125.34448, 180.38863
2.97329, 337.77680, 337.77680, 337.77680, 337.77680, 337.77680, 337.77680, 187.40438
0.96416, 19.91000, 19.91000, 19.91000, 19.91000, 19.91000, 19.91000, 614.10079
13.25925, 20.13131, 20.13131, 20.13131, 20.13131, 20.13131, 20.13131, 210.48735
0.77496, 34.71032, 34.71032, 34.71032, 34.71032, 34.71032, 34.71032, 619.06439
29.28149, 13.49700, 13.49700, 13.49700, 13.49700, 13.49700, 13.49700, 289.65184
1.13654, 28.29013, 28.29013, 28.29013, 28.29013, 28.29013, 28.29013, 277.37390
26.36416, 100.52901, 100.52901, 100.52901, 100.52901, 100.52901, 100.52901, 49.12838
0.53170, 102.39329, 102.39329, 102.39329, 102.39329, 102.39329, 102.39329, 126.76354
0.31673, 117.67151, 117.67151, 117.67151, 117.67151, 117.67151, 117.67151, 186.99302
0.63166, 48.85868, 48.85868, 48.85868, 48.85868, 48.85868, 48.85868, 500.25686
60.65397, 47.80890, 47.80890, 47.80890, 47.80890, 47.80890, 47.80890, 6.75254
20.49845, 260.40022, 260.40022, 260.40022, 260.40022, 260.40022, 260.40022, 4.74272
0.53073, 89.64969, 89.64969, 89.64969, 89.64969, 89.64969, 89.64969, 221.88512
5.39688, 63.74654, 63.74654, 63.74654, 63.74654, 63.74654, 63.74654, 546.22844
0.08860, 376.95304, 376.95304, 376.95304, 376.95304, 376.95304, 376.95304, 239.49018
84.51409, 25.03358, 25.03358, 25.03358, 25.03358, 25.03358, 25.03358, 169.85987
0.22768, 338.74701, 338.74701, 338.74701, 338.74701, 338.74701, 338.74701, 278.14634
0.10917, 25.02045, 25.02045, 25.02045, 25.02045, 25.02045, 25.02045, 622.31436
85.93517, 194.57737, 194.57737, 194.57737, 194.57737, 194.57737, 194.57737, 16.81391
0.16643, 153.39667, 153.39667, 153.39667, 153.39667, 153.39667, 153.39667, 452.75056
5.88363, 16.23161, 16.23161, 16.23161, 16.23161, 16.23161, 16.23161, 543.00401
2.11691, 10.26629, 10.26629, 10.26629, 10.26629, 10.26629, 10.26629, 287.96391
13.37654, 40.49540, 40.49540, 40.49540, 40.49540, 40.49540, 40.49540, 167.62395
0.11967, 1.57213, 1.57213, 1.57213, 1.57213, 1.57213, 1.57213, 607.19369
0.13229, 156.27058, 156.27058, 156.27058, 156.27058, 156.27058, 156.27058, 100.41170
19.06083, 84.64130, 84.64130, 84.64130, 84.64130, 84.64130, 84.64130, 241.05739
0.55535, 236.66317, 236.66317, 236.66317, 236.66317, 236.66317, 236.66317, 34.89924
3.82227, 32.29653, 32.29653, 32.29653, 32.29653, 32.29653, 32.29653, 211.82203
0.39836, 151.18919, 151.18919, 151.18919, 151.18919, 151.18919, 151.18919, 374.62262
0.15766, 366.44982, 366.44982, 366.44982, 366.44982, 366.44982, 366.44982, 193.11822
1.92953, 37.03715, 37.03715, 37.03715, 37.03715, 37.03715, 37.03715, 58.75935
4.21353, 189.28314, 189.28314, 189.28314, 189.28314, 189.28314, 189.28314, 48.35841
0.36964, 228.25925, 228.25925, 228.25925, 228.25925, 228.25925, 228.25925, 301.28325
0.10305, 34.29890, 34.29890, 34.29890, 34.29890, 34.29890, 34.29890, 742.94135
0.09127, 51.12081, 51.12081, 51.12081, 51.12081, 51.12081, 51.12081, 494.32991
0.00014, 5.10471, 5.10471, 5.10471, 5.10471, 5.10471, 5.10471, 560.30611
0.08659, 55.40043, 55.40043, 55.40043, 55.40043, 55.40043, 55.40043, 301.90192
1.63772, 166.23713, 166.23713, 166.23713, 166.23713, 166.23713, 166.23713, 11.93633
0.90009, 7.47175, 7.47175, 7.47175, 7.47175, 7.47175, 7.47175, 134.51527
7.96865, 39.09338, 39.09338, 39.09338, 39.09338, 39.09338, 39.09338, 171.07300
0.00020, 6.87005, 6.87005, 6.87005, 6.87005, 6.87005, 6.87005, 279.53067
0.01922, 623.52483, 623.52483, 623.52483, 623.52483, 623.52483, 623.52483, 62.33159
0.71023, 293.25101, 293.25101, 293.25101, 293.25101, 293.25101, 293.25101, 305.42042
0.00142, 62.38694, 62.38694, 62.38694, 62.38694, 62.38694, 62.38694, 582.70044
0.00251, 19.30783, 19.30783, 19.30783, 19.30783, 19.30783, 19.30783, 623.57929
1.85592, 57.44639, 57.44639, 57.44639, 57.44639, 57.44639, 57.44639, 255.09587
0.92630, 18.64568, 18.64568, 18.64568, 18.64568, 18.64568, 18.64568, 285.37390
11.98488, 70.97853, 70.97853, 70.97853, 70.97853, 70.97853, 70.97853, 138.83360
0.92437, 30.73955, 30.73955, 30.73955, 30.73955, 30.73955, 30.73955, 144.56336
0.12375, 287.28922, 287.28922, 287.28922, 287.28922, 287.28922, 287.28922, 239.05344
0.03533, 2.45009, 2.45009, 2.45009, 2.45009, 2.45009, 2.45009, 560.33160
0.07287, 27.62301, 27.62301, 27.62301, 27.62301, 27.62301, 27.62301, 748.23821
0.69625, 135.42555, 135.42555, 135.42555, 135.42555, 135.42555, 135.42555, 578.42013
0.01246, 222.70784, 222.70784, 222.70784, 222.70784, 222.70784, 222.70784, 80.89339
0.00259, 82.26667, 82.26667, 82.26667, 82.26667, 82.26667, 82.26667, 551.89724
2.37618, 16.30491, 16.30491, 16.30491, 16.30491, 16.30491, 16.30491, 637.85536
0.41768, 157.14843, 157.14843, 157.14843, 157.14843, 157.14843, 157.14843, 33.57531
0.06453, 294.29525, 294.29525, 294.29525, 294.29525, 294.29525, 294.29525, 43.47438
0.30103, 9.59343, 9.59343, 9.59343, 9.59343, 9.59343, 9.59343, 289.88367
0.80287, 138.81882, 138.81882, 138.81882, 138.81882, 138.81882, 138.81882, 202.33272
0.07532, 16.08151, 16.08151, 16.08151, 16.08151, 16.08151, 16.08151, 212.59218
0.02350, 55.92886, 55.92886, 55.92886, 55.92886, 55.92886, 55.92886, 577.49499
1.26181, 193.31767, 193.31767, 193.31767, 193.31767, 193.31767, 193.31767, 379.52780
1.70669, 176.68473, 176.68473, 176.68473, 176.68473, 176.68473, 176.68473, 532.28712
11.76438, 15.98074, 15.98074, 15.98074, 15.98074, 15.98074, 15.98074, 333.55673
0.41397, 129.90340, 129.90340, 129.90340, 129.90340, 129.90340, 129.90340, 135.77190
1.18404, 21.56735, 21.56735, 21.56735, 21.56735, 21.56735, 21.56735, 219.04830
0.00217, 162.16053, 162.16053, 162.16053, 162.16053, 162.16053, 162.16053, 110.43716
0.00275, 35.26168, 35.26168, 35.26168, 35.26168, 35.26168, 35.26168, 533.09495
0.41545, 48.04882, 48.04882, 48.04882, 48.04882, 48.04882, 48.04882, 506.44975
17.02503, 24.36999, 24.36999, 24.36999, 24.36999, 24.36999, 24.36999, 255.10928
4.69128, 113.97456, 113.97456, 113.97456, 113.97456, 113.97456, 113.97456, 42.80174
0.08141, 29.86445, 29.86445, 29.86445, 29.86445, 29.86445, 29.86445, 534.92495
1.39000, 566.81079, 566.81079, 566.81079, 566.81079, 566.81079, 566.81079, 29.14300
0.37131, 54.47070, 54.47070, 54.47070, 54.47070, 54.47070, 54.47070, 191.33751
0.38808, 136.27170, 136.27170, 136.27170, 136.27170, 136.27170, 136.27170, 42.17811
0.00000, 150.90591, 150.90591, 150.90591, 150.90591, 150.90591, 150.90591, 392.74590
0.10549, 266.11017, 266.11017, 266.11017, 266.11017, 266.11017, 266.11017, 318.94533
5.25524, 99.20776, 99.20776, 99.20776, 99.20776, 99.20776, 99.20776, 528.55893
1.61128, 67.75314, 67.75314, 67.75314, 67.75314, 67.75314, 67.75314, 89.87436
0.00094, 31.08671, 31.08671, 31.08671, 31.08671, 31.08671, 31.08671, 43.65316
0.74041, 275.77705, 275.77705, 275.77705, 275.77705, 275.77705, 275.77705, 244.47655
0.00012, 7.15942, 7.15942, 7.15942, 7.15942, 7.15942, 7.15942, 348.29660
43.04116, 272.71184, 272.71184, 272.71184, 272.71184, 272.71184, 272.71184, 29.68811
2.27380, 111.83456, 111.83456, 111.83456, 111.83456, 111.83456, 111.83456, 181.14934
9.77899, 195.68355, 195.68355, 195.68355, 195.68355, 195.68355, 195.68355, 135.07420
0.84279, 71.87219, 71.87219, 71.87219, 71.87219, 71.87219, 71.87219, 96.51498
2.73436, 223.88263, 223.88263, 223.88263, 223.88263, 223.88263, 223.88263, 73.74571
0.34113, 101.08571, 101.08571, 101.08571, 101.08571, 101.08571, 101.08571, 197.19957
0.54687, 146.81090, 146.81090, 146.81090, 146.81090, 146.81090, 146.81090, 183.47735
6.70282, 81.14001, 81.14001, 81.14001, 81.14001, 81.14001, 81.14001, 238.44059
56.79201, 52.95253, 52.95253, 52.95253, 52.95253, 52.95253, 52.95253, 35.21904
21.65686, 197.26453, 197.26453, 197.26453, 197.26453, 197.26453, 197.26453, 10.77687
20.12200, 0.10190, 0.10190, 0.10190, 0.10190, 0.10190, 0.10190, 355.35521
0.01375, 2.47056, 2.47056, 2.47056, 2.47056, 2.47056, 2.47056, 286.87754
0.01458, 449.32976, 449.32976, 449.32976, 449.32976, 449.32976, 449.32976, 165.11333
0.09318, 604.92528, 604.92528, 604.92528, 604.92528, 604.92528, 604.92528, 120.92252
2.83070, 195.49193, 195.49193, 195.49193, 195.49193, 195.49193, 195.49193, 0.60881
3.55926, 175.75182, 175.75182, 175.75182, 175.75182, 175.75182, 175.75182, 158.93181
0.37584, 13.96526, 13.96526, 13.96526, 13.96526, 13.96526, 13.96526, 170.26543
0.02517, 120.32902, 120.32902, 120.32902, 120.32902, 120.32902, 120.32902, 187.39523
1.27787, 122.90637, 122.90637, 122.90637, 122.90637, 122.90637, 122.90637, 118.81688
8.97951, 178.65561, 178.65561, 178.65561, 178.65561, 178.65561, 178.65561, 30.89305
0.00727, 20.42074, 20.42074, 20.42074, 20.42074, 20.42074, 20.42074, 190.75781
0.34575, 28.49520, 28.49520, 28.49520, 28.49520, 28.49520, 28.49520, 272.38083
0.35900, 120.10478, 120.10478, 120.10478, 120.10478, 120.10478, 120.10478, 420.89200
3.20468, 65.26130, 65.26130, 65.26130, 65.26130, 65.26130, 65.26130, 504.23842
0.38199, 187.47554, 187.47554, 187.47554, 187.47554, 187.47554, 187.47554, 67.86051
0.00951, 77.34709, 77.34709, 77.34709, 77.34709, 77.34709, 77.34709, 574.32234
0.60133, 34.28374, 34.28374, 34.28374, 34.28374, 34.28374, 34.28374, 78.27325
0.92780, 18.21672, 18.21672, 18.21672, 18.21672, 18.21672, 18.21672, 601.29545
0.13895, 32.57826, 32.57826, 32.57826, 32.57826, 32.57826, 32.57826, 535.84679
0.29233, 426.13014, 426.13014, 426.13014, 426.13014, 426.13014, 426.13014, 146.51647
0.00600, 26.15027, 26.15027, 26.15027, 26.15027, 26.15027, 26.15027, 548.56377
28.69598, 75.50182, 75.50182, 75.50182, 75.50182, 75.50182, 75.50182, 129.90400
20.16477, 90.66635, 90.66635, 90.66635, 90.66635, 90.66635, 90.66635, 166.54681
0.29674, 3.97694, 3.97694, 3.97694, 3.97694, 3.97694, 3.97694, 622.03814
0.54802, 6.18097, 6.18097, 6.18097, 6.18097, 6.18097, 6.18097, 601.50097
8.89124, 2.91374, 2.91374, 2.91374, 2.91374, 2.91374, 2.91374, 186.22324
2.10278, 151.75716, 151.75716, 151.75716, 151.75716, 151.75716, 151.75716, 161.82289
62.69421, 59.55607, 59.55607, 59.55607, 59.55607, 59.55607, 59.55607, 57.88868
93.17387, 67.29773, 67.29773, 67.29773, 67.29773, 67.29773, 67.29773, 209.42945
0.12864, 24.49462, 24.49462, 24.49462, 24.49462, 24.49462, 24.49462, 339.92394
0.00178, 85.08313, 85.08313, 85.08313, 85.08313, 85.08313, 85.08313, 123.45595
1.13252, 72.07374, 72.07374, 72.07374, 72.07374, 72.07374, 72.07374, 288.35562
5.12602, 32.48401, 32.48401, 32.48401, 32.48401, 32.48401, 32.48401, 185.63842
0.01590, 58.80504, 58.80504, 58.80504, 58.80504, 58.80504, 58.80504, 304.59100
1.47162, 288.17781, 288.17781, 288.17781, 288.17781, 288.17781, 288.17781, 295.85214
0.76900, 341.02529, 341.02529, 341.02529, 341.02529, 341.02529, 341.02529, 326.25699
0.00004, 136.22240, 136.22240, 136.22240, 136.22240, 136.22240, 136.22240, 173.98980
0.01264, 224.11325, 224.11325, 224.11325, 224.11325, 224.11325, 224.11325, 28.06138
0.09637, 161.20864, 161.20864, 161.20864, 161.20864, 161.20864, 161.20864, 433.19319
1.61989, 366.55167, 366.55167, 366.55167, 366.55167, 366.55167, 366.55167, 298.49221
2.74623, 140.19416, 140.19416, 140.19416, 140.19416, 140.19416, 140.19416, 403.55305
21.96003, 186.68256, 186.68256, 186.68256, 186.68256, 186.68256, 186.68256, 3.71051
0.33300, 206.19108, 206.19108, 206.19108, 206.19108, 206.19108, 206.19108, 354.84071
0.02549, 162.30095, 162.30095, 162.30095, 162.30095, 162.30095, 162.30095, 491.60210
1.96072, 368.98869, 368.98869, 368.98869, 368.98869, 368.98869, 368.98869, 251.41234
1.52743, 51.29631, 51.29631, 51.29631, 51.29631, 51.29631, 51.29631, 150.11635
22.24438, 172.95316, 172.95316, 172.95316, 172.95316, 172.95316, 172.95316, 3.92897
1.51526, 120.27441, 120.27441, 120.27441, 120.27441, 120.27441, 120.27441, 130.42951
1.01363, 139.17903, 139.17903, 139.17903, 139.17903, 139.17903, 139.17903, 196.79062
4.81956, 67.28950, 67.28950, 67.28950, 67.28950, 67.28950, 67.28950, 211.75657
3.57512, 212.02506, 212.02506, 212.02506, 212.02506, 212.02506, 212.02506, 85.91748
5.00177, 23.88672, 23.88672, 23.88672, 23.88672, 23.88672, 23.88672, 112.11180
8.46850, 39.54547, 39.54547, 39.54547, 39.54547, 39.54547, 39.54547, 254.66992
0.52504, 190.69431, 190.69431, 190.69431, 190.69431, 190.69431, 190.69431, 10.97288
2.55247, 6.95386, 6.95386, 6.95386, 6.95386, 6.95386, 6.95386, 241.86144
0.00483, 6.00793, 6.00793, 6.00793, 6.00793, 6.00793, 6.00793, 354.24004
9.39330, 124.66966, 124.66966, 124.66966, 124.66966, 124.66966, 124.66966, 126.97979
0.82363, 163.02189, 163.02189, 163.02189, 163.02189, 163.02189, 163.02189, 362.54487
11.76101, 265.51933, 265.51933, 265.51933, 265.51933, 265.51933, 265.51933, 283.05194
0.03541, 70.47303, 70.47303, 70.47303, 70.47303, 70.47303, 70.47303, 270.61464
0.00330, 147.97831, 147.97831, 147.97831, 147.97831, 147.97831, 147.97831, 92.12819
0.30933, 169.38811, 169.38811, 169.38811, 169.38811, 169.38811, 169.38811, 163.99621
3.69434, 201.29218, 201.29218, 201.29218, 201.29218, 201.29218, 201.29218, 7.67864
58.42382, 183.02447, 183.02447, 183.02447, 183.02447, 183.02447, 183.02447, 116.87174
0.87067, 13.72712, 13.72712, 13.72712, 13.72712, 13.72712, 13.72712, 608.32623
0.75827, 2.69062, 2.69062, 2.69062, 2.69062, 2.69062, 2.69062, 167.17182
0.07540, 6.25898, 6.25898, 6.25898, 6.25898, 6.25898, 6.25898, 557.75837
33.36735, 8.10614, 8.10614, 8.10614, 8.10614, 8.10614, 8.10614, 248.77823
13.14610, 124.06278, 124.06278, 124.06278, 124.06278, 124.06278, 124.06278, 111.52263
0.49054, 171.71954, 171.71954, 171.71954, 171.71954, 171.71954, 171.71954, 101.30129
2.57486, 66.64721, 66.64721, 66.64721, 66.64721, 66.64721, 66.64721, 187.46667
1.22108, 205.90922, 205.90922, 205.90922, 205.90922, 205.90922, 205.90922, 129.45841
0.71335, 84.73304, 84.73304, 84.73304, 84.73304, 84.73304, 84.73304, 526.97863
0.05616, 287.13844, 287.13844, 287.13844, 287.13844, 287.13844, 287.13844, 359.70546
49.46949, 20.02344, 20.02344, 20.02344, 20.02344, 20.02344, 20.02344, 136.75941
0.93812, 199.21335, 199.21335, 199.21335, 199.21335, 199.21335, 199.21335, 112.67728
0.03141, 176.94609, 176.94609, 176.94609, 176.94609, 176.94609, 176.94609, 153.53064
2.57534, 0.07235, 0.07235, 0.07235, 0.07235, 0.07235, 0.07235, 302.32614
0.32254, 1.16111, 1.16111, 1.16111, 1.16111, 1.16111, 1.16111, 218.44503
3.63481, 548.19739, 548.19739, 548.19739, 548.19739, 548.19739, 548.19739, 14.87659
1.00888, 175.99267, 175.99267, 175.99267, 175.99267, 175.99267, 175.99267, 49.95438
3.54138, 164.54692, 164.54692, 164.54692, 164.54692, 164.54692, 164.54692, 48.23260
1.71606, 29.81495, 29.81495, 29.81495, 29.81495, 29.81495, 29.81495, 328.62827
11.08600, 49.87620, 49.87620, 49.87620, 49.87620, 49.87620, 49.87620, 110.05368
0.08886, 399.43602, 399.43602, 399.43602, 399.43602, 399.43602, 399.43602, 118.65148
1.56173, 158.52818, 158.52818, 158.52818, 158.52818, 158.52818, 158.52818, 27.21577
32.82249, 55.55874, 55.55874, 55.55874, 55.55874, 55.55874, 55.55874, 75.86445
13.45800, 48.54348, 48.54348, 48.54348, 48.54348, 48.54348, 48.54348, 150.12941
0.00078, 12.86148, 12.86148, 12.86148, 12.86148, 12.86148, 12.86148, 308.39874
4.20946, 267.56151, 267.56151, 267.56151, 267.56151, 267.56151, 267.56151, 1.33871
9.65195, 41.83029, 41.83029, 41.83029, 41.83029, 41.83029, 41.83029, 13.52230
4.47848, 147.46062, 147.46062, 147.46062, 147.46062, 147.46062, 147.46062, 54.66968
6.19225, 539.28407, 539.28407, 539.28407, 539.28407, 539.28407, 539.28407, 147.92086
0.05092, 119.82444, 119.82444, 119.82444, 119.82444, 119.82444, 119.82444, 413.43699
0.01300, 4.36177, 4.36177, 4.36177, 4.36177, 4.36177, 4.36177, 159.00844
0.13969, 221.52176, 221.52176, 221.52176, 221.52176, 221.52176, 221.52176, 337.62139
0.90227, 14.51108, 14.51108, 14.51108, 14.51108, 14.51108, 14.51108, 609.30740
0.00509, 10.02277, 10.02277, 10.02277, 10.02277, 10.02277, 10.02277, 7.06858
0.08331, 76.87975, 76.87975, 76.87975, 76.87975, 76.87975, 76.87975, 637.87960
0.00883, 96.86482, 96.86482, 96.86482, 96.86482, 96.86482, 96.86482, 120.87142
0.08377, 178.63467, 178.63467, 178.63467, 178.63467, 178.63467, 178.63467, 351.74960
0.00004, 4.85244, 4.85244, 4.85244, 4.85244, 4.85244, 4.85244, 539.68003
0.06440, 275.34898, 275.34898, 275.34898, 275.34898, 275.34898, 275.34898, 33.86295
24.75429, 138.88145, 138.88145, 138.88145, 138.88145, 138.88145, 138.88145, 35.84589
0.07082, 17.94573, 17.94573, 17.94573, 17.94573, 17.94573, 17.94573, 593.80228
8.20689, 184.76511, 184.76511, 184.76511, 184.76511, 184.76511, 184.76511, 352.84189
0.15732, 214.04440, 214.04440, 214.04440, 214.04440, 214.04440, 214.04440, 66.57649
0.02296, 25.02749, 25.02749, 25.02749, 25.02749, 25.02749, 25.02749, 227.83762
15.07823, 21.01301, 21.01301, 21.01301, 21.01301, 21.01301, 21.01301, 737.85532
0.12037, 112.79564, 112.79564, 112.79564, 112.79564, 112.79564, 112.79564, 88.42722
3.48336, 58.96536, 58.96536, 58.96536, 58.96536, 58.96536, 58.96536, 60.77887
0.60533, 126.66746, 126.66746, 126.66746, 126.66746, 126.66746, 126.66746, 163.51858
5.00264, 404.53202, 404.53202, 404.53202, 404.53202, 404.53202, 404.53202, 201.00454
0.53158, 26.83195, 26.83195, 26.83195, 26.83195, 26.83195, 26.83195, 635.49540
0.02217, 283.33790, 283.33790, 283.33790, 283.33790, 283.33790, 283.33790, 247.39013
0.23807, 160.86419, 160.86419, 160.86419, 160.86419, 160.86419, 160.86419, 169.55118
1.71037, 232.48941, 232.48941, 232.48941, 232.48941, 232.48941, 232.48941, 307.55932
0.11714, 9.16458, 9.16458, 9.16458, 9.16458, 9.16458, 9.16458, 360.60043
1.17726, 96.76742, 96.76742, 96.76742, 96.76742, 96.76742, 96.76742, 247.04511
0.07202, 121.61537, 121.61537, 121.61537, 121.61537, 121.61537, 121.61537, 4.13311
0.01233, 131.02001, 131.02001, 131.02001, 131.02001, 131.02001, 131.02001, 173.41244
33.74071, 68.35969, 68.35969, 68.35969, 68.35969, 68.35969, 68.35969, 161.66786
0.13135, 23.23480, 23.23480, 23.23480, 23.23480, 23.23480, 23.23480, 263.38985
0.09034, 93.53770, 93.53770, 93.53770, 93.53770, 93.53770, 93.53770, 104.05688
1.76661, 527.51536, 527.51536, 527.51536, 527.51536, 527.51536, 527.51536, 72.19760
1.18942, 334.90438, 334.90438, 334.90438, 334.90438, 334.90438, 334.90438, 203.47382
0.60215, 106.64003, 106.64003, 106.64003, 106.64003, 106.64003, 106.64003, 565.65945
21.19010, 251.08206, 251.08206, 251.08206, 251.08206, 251.08206, 251.08206, 73.91515
8.94374, 120.75405, 120.75405, 120.75405, 120.75405, 120.75405, 120.75405, 425.75571
20.42228, 208.23049, 208.23049, 208.23049, 208.23049, 208.23049, 208.23049, 131.23373
4.36468, 454.14121, 454.14121, 454.14121, 454.14121, 454.14121, 454.14121, 265.85613
10.97841, 379.45230, 379.45230, 379.45230, 379.45230, 379.45230, 379.45230, 258.50899
5.06608, 60.07015, 60.07015, 60.07015, 60.07015, 60.07015, 60.07015, 300.05458
0.27571, 519.03709, 519.03709, 519.03709, 519.03709, 519.03709, 519.03709, 9.63091
1.08492, 63.74886, 63.74886, 63.74886, 63.74886, 63.74886, 63.74886, 281.79808
0.02626, 72.50119, 72.50119, 72.50119, 72.50119, 72.50119, 72.50119, 173.56574
1.05418, 119.49247, 119.49247, 119.49247, 119.49247, 119.49247, 119.49247, 215.27188
1.88335, 8.12784, 8.12784, 8.12784, 8.12784, 8.12784, 8.12784, 652.59345
2.97536, 82.77083, 82.77083, 82.77083, 82.77083, 82.77083, 82.77083, 190.73261
57.30135, 66.60135, 66.60135, 66.60135, 66.60135, 66.60135, 66.60135, 188.55851
0.66842, 495.62719, 495.62719, 495.62719, 495.62719, 495.62719, 495.62719, 79.32151
0.87795, 114.00674, 114.00674, 114.00674, 114.00674, 114.00674, 114.00674, 464.76119
24.73106, 121.66228, 121.66228, 121.66228, 121.66228, 121.66228, 121.66228, 90.39251
0.01098, 95.95213, 95.95213, 95.95213, 95.95213, 95.95213, 95.95213, 479.72936
0.31780, 110.68653, 110.68653, 110.68653, 110.68653, 110.68653, 110.68653, 244.70639
0.52648, 89.11714, 89.11714, 89.11714, 89.11714, 89.11714, 89.11714, 557.92541
0.56594, 31.65981, 31.65981, 31.65981, 31.65981, 31.65981, 31.65981, 158.00691
3.75480, 288.53672, 288.53672, 288.53672, 288.53672, 288.53672, 288.53672, 2.75823
5.79705, 260.84845, 260.84845, 260.84845, 260.84845, 260.84845, 260.84845, 24.24147
0.59463, 325.19937, 325.19937, 325.19937, 325.19937, 325.19937, 325.19937, 252.44363
0.48258, 108.80915, 108.80915, 108.80915, 108.80915, 108.80915, 108.80915, 458.53731
0.00082, 116.65423, 116.65423, 116.65423, 116.65423, 116.65423, 116.65423, 428.56557
37.18884, 135.26119, 135.26119, 135.26119, 135.26119, 135.26119, 135.26119, 116.39834
0.00907, 54.78862, 54.78862, 54.78862, 54.78862, 54.78862, 54.78862, 528.92872
0.00444, 24.28002, 24.28002, 24.28002, 24.28002, 24.28002, 24.28002, 287.78658
0.11681, 20.62080, 20.62080, 20.62080, 20.62080, 20.62080, 20.62080, 232.41100
1.88904, 267.18330, 267.18330, 267.18330, 267.18330, 267.18330, 267.18330, 1.94064
0.45141, 103.74192, 103.74192, 103.74192, 103.74192, 103.74192, 103.74192, 223.11816
1.64867, 232.77924, 232.77924, 232.77924, 232.77924, 232.77924, 232.77924, 86.21147
0.11581, 150.72812, 150.72812, 150.72812, 150.72812, 150.72812, 150.72812, 59.26787
6.81132, 168.48670, 168.48670, 168.48670, 168.48670, 168.48670, 168.48670, 30.48316
0.03200, 196.15244, 196.15244, 196.15244, 196.15244, 196.15244, 196.15244, 441.07768
0.02068, 19.16920, 19.16920, 19.16920, 19.16920, 19.16920, 19.16920, 611.01527
0.52377, 26.93360, 26.93360, 26.93360, 26.93360, 26.93360, 26.93360, 210.60729
13.16941, 126.08151, 126.08151, 126.08151, 126.08151, 126.08151, 126.08151, 28.23858
0.04127, 54.94304, 54.94304, 54.94304, 54.94304, 54.94304, 54.94304, 263.59643
0.00018, 172.85430, 172.85430, 172.85430, 172.85430, 172.85430, 172.85430, 498.50797
0.15199, 25.21894, 25.21894, 25.21894, 25.21894, 25.21894, 25.21894, 632.06624
7.92995, 146.29260, 146.29260, 146.29260, 146.29260, 146.29260, 146.29260, 103.46976
1.55248, 39.04542, 39.04542, 39.04542, 39.04542, 39.04542, 39.04542, 655.77390
0.02813, 133.05229, 133.05229, 133.05229, 133.05229, 133.05229, 133.05229, 446.76768
0.12812, 201.91097, 201.91097, 201.91097, 201.91097, 201.91097, 201.91097, 359.88431
2.39355, 110.40319, 110.40319, 110.40319, 110.40319, 110.40319, 110.40319, 225.07551
0.50402, 34.74784, 34.74784, 34.74784, 34.74784, 34.74784, 34.74784, 205.19644
5.96936, 3.72331, 3.72331, 3.72331, 3.72331, 3.72331, 3.72331, 26.48912
0.37178, 18.85929, 18.85929, 18.85929, 18.85929, 18.85929, 18.85929, 239.41691
0.87119, 28.65047, 28.65047, 28.65047, 28.65047, 28.65047, 28.65047, 246.28251
0.05201, 88.55927, 88.55927, 88.55927, 88.55927, 88.55927, 88.55927, 140.35529
2.78469, 77.30311, 77.30311, 77.30311, 77.30311, 77.30311, 77.30311, 102.89130
9.32970, 139.70346, 139.70346, 139.70346, 139.70346, 139.70346, 139.70346, 75.75615
7.76030, 534.78769, 534.78769, 534.78769, 534.78769, 534.78769, 534.78769, 42.92476
0.21835, 113.15784, 113.15784, 113.15784, 113.15784, 113.15784, 113.15784, 148.31368
0.57033, 24.77638, 24.77638, 24.77638, 24.77638, 24.77638, 24.77638, 630.39109
17.08565, 30.31583, 30.31583, 30.31583, 30.31583, 30.31583, 30.31583, 17.28815
1.93036, 81.25244, 81.25244, 81.25244, 81.25244, 81.25244, 81.25244, 25.59757
1.27606, 306.88582, 306.88582, 306.88582, 306.88582, 306.88582, 306.88582, 23.74767
5.30578, 68.24530, 68.24530, 68.24530, 68.24530, 68.24530, 68.24530, 198.37089
3.21800, 285.50454, 285.50454, 285.50454, 285.50454, 285.50454, 285.50454, 271.78219
21.64526, 171.48825, 171.48825, 171.48825, 171.48825, 171.48825, 171.48825, 5.57095
4.29373, 10.31398, 10.31398, 10.31398, 10.31398, 10.31398, 10.31398, 354.93842
12.22927, 200.91554, 200.91554, 200.91554, 200.91554, 200.91554, 200.91554, 6.15920
0.21070, 26.67570, 26.67570, 26.67570, 26.67570, 26.67570, 26.67570, 542.36431
0.09624, 27.05020, 27.05020, 27.05020, 27.05020, 27.05020, 27.05020, 251.40615
0.73780, 12.54273, 12.54273, 12.54273, 12.54273, 12.54273, 12.54273, 323.02741
0.43423, 210.75648, 210.75648, 210.75648, 210.75648, 210.75648, 210.75648, 381.28849
0.09184, 459.94371, 459.94371, 459.94371, 459.94371, 459.94371, 459.94371, 89.26200
2.40788, 132.84128, 132.84128, 132.84128, 132.84128, 132.84128, 132.84128, 427.40731
0.15097, 80.70322, 80.70322, 80.70322, 80.70322, 80.70322, 80.70322, 272.45196
1.83181, 19.01878, 19.01878, 19.01878, 19.01878, 19.01878, 19.01878, 111.42178
4.58288, 1.36967, 1.36967, 1.36967, 1.36967, 1.36967, 1.36967, 676.07691
0.36297, 363.80192, 363.80192, 363.80192, 363.80192, 363.80192, 363.80192, 269.91539
6.25031, 10.97136, 10.97136, 10.97136, 10.97136, 10.97136, 10.97136, 250.28586
4.70413, 349.18790, 349.18790, 349.18790, 349.18790, 349.18790, 349.18790, 249.06838
3.99667, 84.22152, 84.22152, 84.22152, 84.22152, 84.22152, 84.22152, 34.97580
21.07493, 176.74855, 176.74855, 176.74855, 176.74855, 176.74855, 176.74855, 382.52122
8.36685, 181.78880, 181.78880, 181.78880, 181.78880, 181.78880, 181.78880, 121.59034
11.32748, 201.46422, 201.46422, 201.46422, 201.46422, 201.46422, 201.46422, 446.35283
0.36356, 16.09085, 16.09085, 16.09085, 16.09085, 16.09085, 16.09085, 329.54608
1.45855, 77.69876, 77.69876, 77.69876, 77.69876, 77.69876, 77.69876, 56.07408
2.05639, 144.50340, 144.50340, 144.50340, 144.50340, 144.50340, 144.50340, 509.01765
0.14565, 129.94505, 129.94505, 129.94505, 129.94505, 129.94505, 129.94505, 512.43657
25.42121, 37.94021, 37.94021, 37.94021, 37.94021, 37.94021, 37.94021, 57.77789
19.39375, 173.02415, 173.02415, 173.02415, 173.02415, 173.02415, 173.02415, 351.19233
2.55021, 52.37535, 52.37535, 52.37535, 52.37535, 52.37535, 52.37535, 257.26296
0.01870, 181.36025, 181.36025, 181.36025, 181.36025, 181.36025, 181.36025, 20.56147
1.82121, 29.92438, 29.92438, 29.92438, 29.92438, 29.92438, 29.92438, 628.70952
3.83463, 36.16968, 36.16968, 36.16968, 36.16968, 36.16968, 36.16968, 24.77264
0.11640, 208.07921, 208.07921, 208.07921, 208.07921, 208.07921, 208.07921, 43.92707
1.12114, 141.74479, 141.74479, 141.74479, 141.74479, 141.74479, 141.74479, 564.65304
3.21407, 235.64202, 235.64202, 235.64202, 235.64202, 235.64202, 235.64202, 48.43478
0.82187, 183.32595, 183.32595, 183.32595, 183.32595, 183.32595, 183.32595, 496.08469
0.17011, 11.69709, 11.69709, 11.69709, 11.69709, 11.69709, 11.69709, 644.13700
0.30885, 13.54290, 13.54290, 13.54290, 13.54290, 13.54290, 13.54290, 353.12011
2.30480, 178.02008, 178.02008, 178.02008, 178.02008, 178.02008, 178.02008, 62.36026
2.34736, 202.40034, 202.40034, 202.40034, 202.40034, 202.40034, 202.40034, 131.50686
0.04250, 227.88485, 227.88485, 227.88485, 227.88485, 227.88485, 227.88485, 44.57577
0.37104, 334.75297, 334.75297, 334.75297, 334.75297, 334.75297, 334.75297, 326.21877
0.62827, 561.53697, 561.53697, 561.53697, 561.53697, 561.53697, 561.53697, 89.48446
0.00034, 14.55260, 14.55260, 14.55260, 14.55260, 14.55260, 14.55260, 277.36579
0.90462, 66.75513, 66.75513, 66.75513, 66.75513, 66.75513, 66.75513, 294.32832
0.00082, 12.93842, 12.93842, 12.93842, 12.93842, 12.93842, 12.93842, 195.62393
0.36674, 13.99361, 13.99361, 13.99361, 13.99361, 13.99361, 13.99361, 556.83454
0.07858, 69.31591, 69.31591, 69.31591, 69.31591, 69.31591, 69.31591, 233.32365
0.06115, 16.33961, 16.33961, 16.33961, 16.33961, 16.33961, 16.33961, 632.17576
2.35748, 487.41085, 487.41085, 487.41085, 487.41085, 487.41085, 487.41085, 39.94679
0.03352, 409.79330, 409.79330, 409.79330, 409.79330, 409.79330, 409.79330, 229.55959
1.65248, 168.56997, 168.56997, 168.56997, 168.56997, 168.56997, 168.56997, 483.37031
4.09348, 33.37091, 33.37091, 33.37091, 33.37091, 33.37091, 33.37091, 121.23590
0.51713, 20.79217, 20.79217, 20.79217, 20.79217, 20.79217, 20.79217, 572.78955
0.01949, 21.64282, 21.64282, 21.64282, 21.64282, 21.64282, 21.64282, 651.70474
0.00254, 396.81635, 396.81635, 396.81635, 396.81635, 396.81635, 396.81635, 219.16972
1.24921, 25.33954, 25.33954, 25.33954, 25.33954, 25.33954, 25.33954, 157.74423
3.25413, 130.31800, 130.31800, 130.31800, 130.31800, 130.31800, 130.31800, 438.15781
0.00469, 54.98910, 54.98910, 54.98910, 54.98910, 54.98910, 54.98910, 278.37748
1.59636, 66.87939, 66.87939, 66.87939, 66.87939, 66.87939, 66.87939, 208.63931
0.00262, 171.76812, 171.76812, 171.76812, 171.76812, 171.76812, 171.76812, 74.92074
0.10891, 391.52092, 391.52092, 391.52092, 391.52092, 391.52092, 391.52092, 187.49899
6.31006, 74.59713, 74.59713, 74.59713, 74.59713, 74.59713, 74.59713, 496.27150
0.06945, 12.80053, 12.80053, 12.80053, 12.80053, 12.80053, 12.80053, 641.49774
2.55481, 88.25051, 88.25051, 88.25051, 88.25051, 88.25051, 88.25051, 157.94150
0.30315, 112.23977, 112.23977, 112.23977, 112.23977, 112.23977, 112.23977, 481.52346
0.07292, 190.49742, 190.49742, 190.49742, 190.49742, 190.49742, 190.49742, 410.15427
0.03331, 74.44125, 74.44125, 74.44125, 74.44125, 74.44125, 74.44125, 59.26275
30.52348, 81.40412, 81.40412, 81.40412, 81.40412, 81.40412, 81.40412, 86.51431
7.64355, 11.22498, 11.22498, 11.22498, 11.22498, 11.22498, 11.22498, 274.06030
0.11069, 29.48079, 29.48079, 29.48079, 29.48079, 29.48079, 29.48079, 320.22112
4.72091, 32.98521, 32.98521, 32.98521, 32.98521, 32.98521, 32.98521, 38.17043
0.19587, 2.57564, 2.57564, 2.57564, 2.57564, 2.57564, 2.57564, 601.57621
0.07376, 252.40164, 252.40164, 252.40164, 252.40164, 252.40164, 252.40164, 363.70984
10.47904, 169.19694, 169.19694, 169.19694, 169.19694, 169.19694, 169.19694, 76.20739
1.98021, 75.67973, 75.67973, 75.67973, 75.67973, 75.67973, 75.67973, 114.44134
0.74518, 21.81574, 21.81574, 21.81574, 21.81574, 21.81574, 21.81574, 692.35981
2.55794, 61.56232, 61.56232, 61.56232, 61.56232, 61.56232, 61.56232, 102.99117
1.60537, 215.28668, 215.28668, 215.28668, 215.28668, 215.28668, 215.28668, 34.87082
1.60883, 21.16999, 21.16999, 21.16999, 21.16999, 21.16999, 21.16999, 548.05435
11.55442, 1.69897, 1.69897, 1.69897, 1.69897, 1.69897, 1.69897, 367.71105
0.08465, 319.51192, 319.51192, 319.51192, 319.51192, 319.51192, 319.51192, 214.79333
6.45691, 1.43842, 1.43842, 1.43842, 1.43842, 1.43842, 1.43842, 202.19558
0.11892, 150.81398, 150.81398, 150.81398, 150.81398, 150.81398, 150.81398, 501.85502
3.40524, 193.42966, 193.42966, 193.42966, 193.42966, 193.42966, 193.42966, 341.14527
0.01339, 41.14258, 41.14258, 41.14258, 41.14258, 41.14258, 41.14258, 577.01033
0.19258, 127.79833, 127.79833, 127.79833, 127.79833, 127.79833, 127.79833, 115.48687
0.14221, 80.06164, 80.06164, 80.06164, 80.06164, 80.06164, 80.06164, 123.14532
3.86828, 109.18790, 109.18790, 109.18790, 109.18790, 109.18790, 109.18790, 136.38454
0.06550, 3.14712, 3.14712, 3.14712, 3.14712, 3.14712, 3.14712, 273.71604
2.99369, 20.35315, 20.35315, 20.35315, 20.35315, 20.35315, 20.35315, 205.64977
23.77917, 290.18168, 290.18168, 290.18168, 290.18168, 290.18168, 290.18168, 22.95405
0.47047, 199.58509, 199.58509, 199.58509, 199.58509, 199.58509, 199.58509, 91.74179
1.14830, 18.05539, 18.05539, 18.05539, 18.05539, 18.05539, 18.05539, 228.94690
0.19587, 210.11175, 210.11175, 210.11175, 210.11175, 210.11175, 210.11175, 62.21845
0.07438, 474.34697, 474.34697, 474.34697, 474.34697, 474.34697, 474.34697, 76.49310
2.54358, 123.55153, 123.55153, 123.55153, 123.55153, 123.55153, 123.55153, 509.95248
1.61422, 44.93714, 44.93714, 44.93714, 44.93714, 44.93714, 44.93714, 509.34867
0.40838, 56.57078, 56.57078, 56.57078, 56.57078, 56.57078, 56.57078, 21.35112
1.88979, 79.04935, 79.04935, 79.04935, 79.04935, 79.04935, 79.04935, 552.90929
11.53734, 16.86138, 16.86138, 16.86138, 16.86138, 16.86138, 16.86138, 128.95306
3.13253, 32.08002, 32.08002, 32.08002, 32.08002, 32.08002, 32.08002, 568.58333
0.00002, 126.58817, 126.58817, 126.58817, 126.58817, 126.58817, 126.58817, 477.28109
2.16051, 338.91765, 338.91765, 338.91765, 338.91765, 338.91765, 338.91765, 277.46730
0.21830, 7.55218, 7.55218, 7.55218, 7.55218, 7.55218, 7.55218, 263.49428
0.76514, 198.86607, 198.86607, 198.86607, 198.86607, 198.86607, 198.86607, 352.17222
20.22900, 118.51064, 118.51064, 118.51064, 118.51064, 118.51064, 118.51064, 81.87422
8.60440, 61.48906, 61.48906, 61.48906, 61.48906, 61.48906, 61.48906, 124.57187
0.00859, 114.19607, 114.19607, 114.19607, 114.19607, 114.19607, 114.19607, 164.92417
0.06264, 8.11540, 8.11540, 8.11540, 8.11540, 8.11540, 8.11540, 544.82908
1.02410, 60.20702, 60.20702, 60.20702, 60.20702, 60.20702, 60.20702, 143.69371
1.05814, 58.50534, 58.50534, 58.50534, 58.50534, 58.50534, 58.50534, 257.63910
0.19112, 170.76143, 170.76143, 170.76143, 170.76143, 170.76143, 170.76143, 375.76808
20.85241, 7.71260, 7.71260, 7.71260, 7.71260, 7.71260, 7.71260, 219.82352
1.98414, 31.55007, 31.55007, 31.55007, 31.55007, 31.55007, 31.55007, 226.15984
0.15342, 85.83384, 85.83384, 85.83384, 85.83384, 85.83384, 85.83384, 481.68601
0.43579, 2.46299, 2.46299, 2.46299, 2.46299, 2.46299, 2.46299, 272.72709
20.50184, 16.96318, 16.96318, 16.96318, 16.96318, 16.96318, 16.96318, 45.95474
0.79832, 233.01749, 233.01749, 233.01749, 233.01749, 233.01749, 233.01749, 78.32657
51.69452, 103.72365, 103.72365, 103.72365, 103.72365, 103.72365, 103.72365, 127.22978
1.86942, 12.44369, 12.44369, 12.44369, 12.44369, 12.44369, 12.44369, 303.19716
0.97676, 140.16274, 140.16274, 140.16274, 140.16274, 140.16274, 140.16274, 447.99094
0.04006, 5.01369, 5.01369, 5.01369, 5.01369, 5.01369, 5.01369, 344.53351
0.00198, 180.79309, 180.79309, 180.79309, 180.79309, 180.79309, 180.79309, 510.42466
0.21653, 109.74553, 109.74553, 109.74553, 109.74553, 109.74553, 109.74553, 232.10628
0.62799, 181.52632, 181.52632, 181.52632, 181.52632, 181.52632, 181.52632, 168.62668
28.02872, 112.96219, 112.96219, 112.96219, 112.96219, 112.96219, 112.96219, 139.35286
0.02560, 142.18095, 142.18095, 142.18095, 142.18095, 142.18095, 142.18095, 406.77455
0.48292, 21.80174, 21.80174, 21.80174, 21.80174, 21.80174, 21.80174, 831.82586
0.11344, 57.47398, 57.47398, 57.47398, 57.47398, 57.47398, 57.47398, 218.51530
4.65580, 70.11847, 70.11847, 70.11847, 70.11847, 70.11847, 70.11847, 284.02913
0.04948, 18.36452, 18.36452, 18.36452, 18.36452, 18.36452, 18.36452, 676.16831
0.01156, 459.75289, 459.75289, 459.75289, 459.75289, 459.75289, 459.75289, 217.41712
28.91544, 63.44885, 63.44885, 63.44885, 63.44885, 63.44885, 63.44885, 116.42837
1.70135, 73.86485, 73.86485, 73.86485, 73.86485, 73.86485, 73.86485, 247.09014
1.76318, 2.57329, 2.57329, 2.57329, 2.57329, 2.57329, 2.57329, 251.46746
0.19973, 68.17388, 68.17388, 68.17388, 68.17388, 68.17388, 68.17388, 83.61024
0.02466, 188.05580, 188.05580, 188.05580, 188.05580, 188.05580, 188.05580, 374.26200
0.76319, 143.66339, 143.66339, 143.66339, 143.66339, 143.66339, 143.66339, 411.42048
1.18589, 165.48080, 165.48080, 165.48080, 165.48080, 165.48080, 165.48080, 414.93919
19.43999, 215.30192, 215.30192, 215.30192, 215.30192, 215.30192, 215.30192, 325.74683
1.05195, 196.00475, 196.00475, 196.00475, 196.00475, 196.00475, 196.00475, 419.94880
0.07673, 213.52119, 213.52119, 213.52119, 213.52119, 213.52119, 213.52119, 21.91869
0.61850, 68.22329, 68.22329, 68.22329, 68.22329, 68.22329, 68.22329, 185.07042
0.46428, 84.28272, 84.28272, 84.28272, 84.28272, 84.28272, 84.28272, 136.52694

Final Population: 
0.00033, 0.00317, 0.00317, 0.00317, 0.00317, 0.00317, 0.00317, 0.01255
0.00033, 0.00317, 0.00317, 0.00317, 0.00317, 0.00317, 0.00317, 0.01255
0.00033, 0.00317, 0.00317, 0.00317, 0.00317, 0.00317, 0.00317, 0.01255
0.00033, 0.00317, 0.00317, 0.00317, 0.00317, 0.00317, 0.00317, 0.01255
0.00033, 0.00317, 0.00317, 0.00317, 0.00317, 0.00317, 0.00317, 0.01255
0.00033, 0.00317, 0.00317, 0.00317, 0.00317, 0.00317, 0.00317, 0.01255
0.00033, 0.00317, 0.00317, 0.00317, 0.00317, 0.00317, 0.00317, 0.01255
0.00033, 0.00317, 0.00317, 0.00317, 0.00317, 0.00317, 0.00317, 0.01255
0.00033, 0.00317, 0.00317, 0.00317, 0.00317, 0.00317, 0.00317, 0.01255
0.00033, 0.00317, 0.00317, 0.00317, 0.00317, 0.00317, 0.00317, 0.01255
0.00033, 0.00317, 0.00317, 0.00317, 0.00317, 0.00317, 0.00317, 0.01255
0.00033, 0.00317, 0.00317, 0.00317, 0.00317, 0.00317, 0.00317, 0.01255
0.00033, 0.00317, 0.00317, 0.00317, 0.00317, 0.00317, 0.00317, 0.01255
0.00033, 0.00317, 0.00317, 0.00317, 0.00317, 0.00317, 0.00317, 0.01255
0.00033, 0.00317, 0.00317, 0.00317, 0.00317, 0.00317, 0.00317, 0.01255
0.00033, 0.00317, 0.00317, 0.00317, 0.00317, 0.00317, 0.00317, 0.01255
0.00033, 0.00317, 0.00317, 0.00317, 0.00317, 0.00317, 0.00317, 0.01255
0.00033, 0.00317, 0.00317, 0.00317, 0.00317, 0.00317, 0.00317, 0.01255
0.00033, 0.00317, 0.00317, 0.00317, 0.00317, 0.00317, 0.00317, 0.01255
0.00033, 0.00317, 0.00317, 0.00317, 0.00317, 0.00317, 0.00317, 0.01255
0.00033, 0.00317, 0.00317, 0.00317, 0.00317, 0.00317, 0.00317, 0.01255
0.00033, 0.00317, 0.00317, 0.00317, 0.00317, 0.00317, 0.00317, 0.01255
0.00033, 0.00317, 0.00317, 0.00317, 0.00317, 0.00317, 0.00317, 0.01255
0.00033, 0.00317, 0.00317, 0.00317, 0.00317, 0.00317, 0.00317, 0.01255
0.00033, 0.00317, 0.00317, 0.00317, 0.00317, 0.00317, 0.00317, 0.01255
0.00033, 0.00317, 0.00317, 0.00317, 0.00317, 0.00317, 0.00317, 0.01255
0.00033, 0.00317, 0.00317, 0.00317, 0.00317, 0.00317, 0.00317, 0.01255
0.00033, 0.00317, 0.00317, 0.00317, 0.00317, 0.00317, 0.00317, 0.01255
0.00033, 0.00317, 0.00317, 0.00317, 0.00317, 0.00317, 0.00317, 0.01255
0.00033, 0.00317, 0.00317, 0.00317, 0.00317, 0.00317, 0.00317, 0.01255
0.00033, 0.00317, 0.00317, 0.00317, 0.00317, 0.00317, 0.00317, 0.01255
0.00033, 0.00317, 0.00317, 0.00317, 0.00317, 0.00317, 0.00317, 0.01255
0.00033, 0.00317, 0.00317, 0.00317, 0.00317, 0.00317, 0.00317, 0.01255
0.00033, 0.00317, 0.00317, 0.00317, 0.00317, 0.00317, 0.00317, 0.01255
0.00033, 0.00317, 0.00317, 0.00317, 0.00317, 0.00317, 0.00317, 0.01255
0.00033, 0.00317, 0.00317, 0.00317, 0.00317, 0.00317, 0.00317, 0.01255
0.00033, 0.00317, 0.00317, 0.00317, 0.00317, 0.00317, 0.00317, 0.01255
0.00033, 0.00317, 0.00317, 0.00317, 0.00317, 0.00317, 0.00317, 0.01255
0.00033, 0.00317, 0.00317, 0.00317, 0.00317, 0.00317, 0.00317, 0.01255
0.00033, 0.00317, 0.00317, 0.00317, 0.00317, 0.00317, 0.00317, 0.01255
0.00033, 0.00317, 0.00317, 0.00317, 0.00317, 0.00317, 0.00317, 0.01255
0.00033, 0.00317, 0.00317, 0.00317, 0.00317, 0.00317, 0.00317, 0.01255
0.00033, 0.00317, 0.00317, 0.00317, 0.00317, 0.00317, 0.00317, 0.01255
0.00033, 0.00317, 0.00317, 0.00317, 0.00317, 0.00317, 0.00317, 0.01255
0.00033, 0.00317, 0.00317, 0.00317, 0.00317, 0.00317, 0.00317, 0.01255
0.00033, 0.00317, 0.00317, 0.00317, 0.00317, 0.00317, 0.00317, 0.01255
0.00033, 0.00317, 0.00317, 0.00317, 0.00317, 0.00317, 0.00317, 0.01255
0.00033, 0.00317, 0.00317, 0.00317, 0.00317, 0.00317, 0.00317, 0.01255
0.00033, 0.00317, 0.00317, 0.00317, 0.00317, 0.00317, 0.00317, 0.01255
0.00033, 0.00317, 0.00317, 0.00317, 0.00317, 0.00317, 0.00317, 0.01255
0.00033, 0.00317, 0.00317, 0.00317, 0.00317, 0.00317, 0.00317, 0.01255
0.00033, 0.00317, 0.00317, 0.00317, 0.00317, 0.00317, 0.00317, 0.01255
0.00033, 0.00317, 0.00317, 0.00317, 0.00317, 0.00317, 0.00317, 0.01255
0.00033, 0.00317, 0.00317, 0.00317, 0.00317, 0.00317, 0.00317, 0.01255
0.00033, 0.00317, 0.00317, 0.00317, 0.00317, 0.00317, 0.00317, 0.01255
0.00033, 0.00317, 0.00317, 0.00317, 0.00317, 0.00317, 0.00317, 0.01255
0.00033, 0.00317, 0.00317, 0.00317, 0.00317, 0.00317, 0.00317, 0.01255
0.00033, 0.00317, 0.00317, 0.00317, 0.00317, 0.00317, 0.00317, 0.01255
0.00033, 0.00317, 0.00317, 0.00317, 0.00317, 0.00317, 0.00317, 0.01255
0.00033, 0.00317, 0.00317, 0.00317, 0.00317, 0.00317, 0.00317, 0.01255
0.00033, 0.00317, 0.00317, 0.00317, 0.00317, 0.00317, 0.00317, 0.01255
0.00033, 0.00317, 0.00317, 0.00317, 0.00317, 0.00317, 0.00317, 0.01255
0.00033, 0.00317, 0.00317, 0.00317, 0.00317, 0.00317, 0.00317, 0.01255
0.00033, 0.00317, 0.00317, 0.00317, 0.00317, 0.00317, 0.00317, 0.01255
0.00033, 0.00317, 0.00317, 0.00317, 0.00317, 0.00317, 0.00317, 0.01255
0.00033, 0.00317, 0.00317, 0.00317, 0.00317, 0.00317, 0.00317, 0.01255
0.00033, 0.00317, 0.00317, 0.00317, 0.00317, 0.00317, 0.00317, 0.01255
0.00033, 0.00317, 0.00317, 0.00317, 0.00317, 0.00317, 0.00317, 0.01255
0.00033, 0.00317, 0.00317, 0.00317, 0.00317, 0.00317, 0.00317, 0.01255
0.00033, 0.00317, 0.00317, 0.00317, 0.00317, 0.00317, 0.00317, 0.01255
0.00033, 0.00317, 0.00317, 0.00317, 0.00317, 0.00317, 0.00317, 0.01255
0.00033, 0.00317, 0.00317, 0.00317, 0.00317, 0.00317, 0.00317, 0.01255
0.00033, 0.00317, 0.00317, 0.00317, 0.00317, 0.00317, 0.00317, 0.01255
0.00033, 0.00317, 0.00317, 0.00317, 0.00317, 0.00317, 0.00317, 0.01255
0.00033, 0.00317, 0.00317, 0.00317, 0.00317, 0.00317, 0.00317, 0.01255
0.00033, 0.00317, 0.00317, 0.00317, 0.00317, 0.00317, 0.00317, 0.01255
0.00033, 0.00317, 0.00317, 0.00317, 0.00317, 0.00317, 0.00317, 0.01255
0.00033, 0.00317, 0.00317, 0.00317, 0.00317, 0.00317, 0.00317, 0.01255
0.00033, 0.00317, 0.00317, 0.00317, 0.00317, 0.00317, 0.00317, 0.01255
0.00033, 0.00317, 0.00317, 0.00317, 0.00317, 0.00317, 0.00317, 0.01255
0.00033, 0.00317, 0.00317, 0.00317, 0.00317, 0.00317, 0.00317, 0.01255
0.00033, 0.00317, 0.00317, 0.00317, 0.00317, 0.00317, 0.00317, 0.01255
0.00033, 0.00317, 0.00317, 0.00317, 0.00317, 0.00317, 0.00317, 0.01255
0.00033, 0.00317, 0.00317, 0.00317, 0.00317, 0.00317, 0.00317, 0.01255
0.00033, 0.00317, 0.00317, 0.00317, 0.00317, 0.00317, 0.00317, 0.01255
0.00033, 0.00317, 0.00317, 0.00317, 0.00317, 0.00317, 0.00317, 0.01255
0.00033, 0.00317, 0.00317, 0.00317, 0.00317, 0.00317, 0.00317, 0.01255
0.00033, 0.00317, 0.00317, 0.00317, 0.00317, 0.00317, 0.00317, 0.01255
0.00033, 0.00317, 0.00317, 0.00317, 0.00317, 0.00317, 0.00317, 0.01255
0.00033, 0.00317, 0.00317, 0.00317, 0.00317, 0.00317, 0.00317, 0.01255
0.00033, 0.00317, 0.00317, 0.00317, 0.00317, 0.00317, 0.00317, 0.01255
0.00033, 0.00317, 0.00317, 0.00317, 0.00317, 0.00317, 0.00317, 0.01255
0.00033, 0.00317, 0.00317, 0.00317, 0.00317, 0.00317, 0.00317, 0.01255
0.00033, 0.00317, 0.00317, 0.00317, 0.00317, 0.00317, 0.00317, 0.01255
0.00033, 0.00317, 0.00317, 0.00317, 0.00317, 0.00317, 0.00317, 0.01255
0.00033, 0.00317, 0.00317, 0.00317, 0.00317, 0.00317, 0.00317, 0.01255
0.00033, 0.00317, 0.00317, 0.00317, 0.00317, 0.00317, 0.00317, 0.01255
0.00033, 0.00317, 0.00317, 0.00317, 0.00317, 0.00317, 0.00317, 0.01255
0.00033, 0.00317, 0.00317, 0.00317, 0.00317, 0.00317, 0.00317, 0.01255
0.00033, 0.00317, 0.00317, 0.00317, 0.00317, 0.00317, 0.00317, 0.01255
0.00033, 0.00317, 0.00317, 0.00317, 0.00317, 0.00317, 0.00317, 0.01255
0.00033, 0.00317, 0.00317, 0.00317, 0.00317, 0.00317, 0.00317, 0.01255
0.00033, 0.00317, 0.00317, 0.00317, 0.00317, 0.00317, 0.00317, 0.01255
0.00033, 0.00317, 0.00317, 0.00317, 0.00317, 0.00317, 0.00317, 0.01255
0.00033, 0.00317, 0.00317, 0.00317, 0.00317, 0.00317, 0.00317, 0.01255
0.00033, 0.00317, 0.00317, 0.00317, 0.00317, 0.00317, 0.00317, 0.01255
0.00033, 0.00317, 0.00317, 0.00317, 0.00317, 0.00317, 0.00317, 0.01255
0.00033, 0.00317, 0.00317, 0.00317, 0.00317, 0.00317, 0.00317, 0.01255
0.00033, 0.00317, 0.00317, 0.00317, 0.00317, 0.00317, 0.00317, 0.01255
0.00033, 0.00317, 0.00317, 0.00317, 0.00317, 0.00317, 0.00317, 0.01255
0.00033, 0.00317, 0.00317, 0.00317, 0.00317, 0.00317, 0.00317, 0.01255
0.00033, 0.00317, 0.00317, 0.00317, 0.00317, 0.00317, 0.00317, 0.01255
0.00033, 0.00317, 0.00317, 0.00317, 0.00317, 0.00317, 0.00317, 0.01255
0.00033, 0.00317, 0.00317, 0.00317, 0.00317, 0.00317, 0.00317, 0.01255
0.00033, 0.00317, 0.00317, 0.00317, 0.00317, 0.00317, 0.00317, 0.01255
0.00033, 0.00317, 0.00317, 0.00317, 0.00317, 0.00317, 0.00317, 0.01255
0.00033, 0.00317, 0.00317, 0.00317, 0.00317, 0.00317, 0.00317, 0.01255
0.00033, 0.00317, 0.00317, 0.00317, 0.00317, 0.00317, 0.00317, 0.01255
0.00033, 0.00317, 0.00317, 0.00317, 0.00317, 0.00317, 0.00317, 0.01255
0.00033, 0.00317, 0.00317, 0.00317, 0.00317, 0.00317, 0.00317, 0.01255
0.00033, 0.00317, 0.00317, 0.00317, 0.00317, 0.00317, 0.00317, 0.01255
0.00033, 0.00317, 0.00317, 0.00317, 0.00317, 0.00317, 0.00317, 0.01255
0.00033, 0.00317, 0.00317, 0.00317, 0.00317, 0.00317, 0.00317, 0.01255
0.00033, 0.00317, 0.00317, 0.00317, 0.00317, 0.00317, 0.00317, 0.01255
0.00033, 0.00317, 0.00317, 0.00317, 0.00317, 0.00317, 0.00317, 0.01255
0.00033, 0.00317, 0.00317, 0.00317, 0.00317, 0.00317, 0.00317, 0.01255
0.00033, 0.00317, 0.00317, 0.00317, 0.00317, 0.00317, 0.00317, 0.01255
0.00033, 0.00317, 0.00317, 0.00317, 0.00317, 0.00317, 0.00317, 0.01255
0.00033, 0.00317, 0.00317, 0.00317, 0.00317, 0.00317, 0.00317, 0.01255
0.00033, 0.00317, 0.00317, 0.00317, 0.00317, 0.00317, 0.00317, 0.01255
0.00033, 0.00317, 0.00317, 0.00317, 0.00317, 0.00317, 0.00317, 0.01255
0.00033, 0.00317, 0.00317, 0.00317, 0.00317, 0.00317, 0.00317, 0.01255
0.00033, 0.00317, 0.00317, 0.00317, 0.00317, 0.00317, 0.00317, 0.01255
0.00033, 0.00317, 0.00317, 0.00317, 0.00317, 0.00317, 0.00317, 0.01255
0.00033, 0.00317, 0.00317, 0.00317, 0.00317, 0.00317, 0.00317, 0.01255
0.00033, 0.00317, 0.00317, 0.00317, 0.00317, 0.00317, 0.00317, 0.01255
0.00033, 0.00317, 0.00317, 0.00317, 0.00317, 0.00317, 0.00317, 0.01255
0.00033, 0.00317, 0.00317, 0.00317, 0.00317, 0.00317, 0.00317, 0.01255
0.00033, 0.00317, 0.00317, 0.00317, 0.00317, 0.00317, 0.00317, 0.01255
0.00033, 0.00317, 0.00317, 0.00317, 0.00317, 0.00317, 0.00317, 0.01255
0.00033, 0.00317, 0.00317, 0.00317, 0.00317, 0.00317, 0.00317, 0.01255
0.00033, 0.00317, 0.00317, 0.00317, 0.00317, 0.00317, 0.00317, 0.01255
0.00033, 0.00317, 0.00317, 0.00317, 0.00317, 0.00317, 0.00317, 0.01255
0.00033, 0.00317, 0.00317, 0.00317, 0.00317, 0.00317, 0.00317, 0.01255
0.00033, 0.00317, 0.00317, 0.00317, 0.00317, 0.00317, 0.00317, 0.01255
0.00033, 0.00317, 0.00317, 0.00317, 0.00317, 0.00317, 0.00317, 0.01255
0.00033, 0.00317, 0.00317, 0.00317, 0.00317, 0.00317, 0.00317, 0.01255
0.00033, 0.00317, 0.00317, 0.00317, 0.00317, 0.00317, 0.00317, 0.01255
0.00033, 0.00317, 0.00317, 0.00317, 0.00317, 0.00317, 0.00317, 0.01255
0.00033, 0.00317, 0.00317, 0.00317, 0.00317, 0.00317, 0.00317, 0.01255
0.00033, 0.00317, 0.00317, 0.00317, 0.00317, 0.00317, 0.00317, 0.01255
0.00033, 0.00317, 0.00317, 0.00317, 0.00317, 0.00317, 0.00317, 0.01255
0.00033, 0.00317, 0.00317, 0.00317, 0.00317, 0.00317, 0.00317, 0.01255
0.00033, 0.00317, 0.00317, 0.00317, 0.00317, 0.00317, 0.00317, 0.01255
0.00033, 0.00317, 0.00317, 0.00317, 0.00317, 0.00317, 0.00317, 0.01255
0.00033, 0.00317, 0.00317, 0.00317, 0.00317, 0.00317, 0.00317, 0.01255
0.00033, 0.00317, 0.00317, 0.00317, 0.00317, 0.00317, 0.00317, 0.01255
0.00033, 0.00317, 0.00317, 0.00317, 0.00317, 0.00317, 0.00317, 0.01255
0.00033, 0.00317, 0.00317, 0.00317, 0.00317, 0.00317, 0.00317, 0.01255
0.00033, 0.00317, 0.00317, 0.00317, 0.00317, 0.00317, 0.00317, 0.01255
0.00033, 0.00317, 0.00317, 0.00317, 0.00317, 0.00317, 0.00317, 0.01255
0.00033, 0.00317, 0.00317, 0.00317, 0.00317, 0.00317, 0.00317, 0.01255
0.00033, 0.00317, 0.00317, 0.00317, 0.00317, 0.00317, 0.00317, 0.01255
0.00033, 0.00317, 0.00317, 0.00317, 0.00317, 0.00317, 0.00317, 0.01255
0.00033, 0.00317, 0.00317, 0.00317, 0.00317, 0.00317, 0.00317, 0.01255
0.00427, 40.21837, 40.21837, 40.21837, 40.21837, 40.21837, 40.21837, 949.38206
0.00427, 40.21837, 40.21837, 40.21837, 40.21837, 40.21837, 40.21837, 949.38206
0.00427, 40.21837, 40.21837, 40.21837, 40.21837, 40.21837, 40.21837, 949.38206
0.00427, 40.21837, 40.21837, 40.21837, 40.21837, 40.21837, 40.21837, 949.38206
0.00427, 40.21837, 40.21837, 40.21837, 40.21837, 40.21837, 40.21837, 949.38206
0.00427, 40.21837, 40.21837, 40.21837, 40.21837, 40.21837, 40.21837, 949.38206
0.00427, 40.21837, 40.21837, 40.21837, 40.21837, 40.21837, 40.21837, 949.38206
0.00427, 40.21837, 40.21837, 40.21837, 40.21837, 40.21837, 40.21837, 949.38206
0.00427, 40.21837, 40.21837, 40.21837, 40.21837, 40.21837, 40.21837, 949.38206
0.00427, 40.21837, 40.21837, 40.21837, 40.21837, 40.21837, 40.21837, 949.38206
0.00427, 40.21837, 40.21837, 40.21837, 40.21837, 40.21837, 40.21837, 949.38206
0.00427, 40.21837, 40.21837, 40.21837, 40.21837, 40.21837, 40.21837, 949.38206
0.00427, 40.21837, 40.21837, 40.21837, 40.21837, 40.21837, 40.21837, 949.38206
0.00427, 40.21837, 40.21837, 40.21837, 40.21837, 40.21837, 40.21837, 949.38206
0.00427, 40.21837, 40.21837, 40.21837, 40.21837, 40.21837, 40.21837, 949.38206
0.00427, 40.21837, 40.21837, 40.21837, 40.21837, 40.21837, 40.21837, 949.38206
0.00427, 40.21837, 40.21837, 40.21837, 40.21837, 40.21837, 40.21837, 949.38206
0.00427, 40.21837, 40.21837, 40.21837, 40.21837, 40.21837, 40.21837, 949.38206
0.01511, 49.34389, 49.34389, 49.34389, 49.34389, 49.34389, 49.34389, 930.76779
0.01511, 49.34389, 49.34389, 49.34389, 49.34389, 49.34389, 49.34389, 930.76779
0.01511, 49.34389, 49.34389, 49.34389, 49.34389, 49.34389, 49.34389, 930.76779
0.01511, 49.34389, 49.34389, 49.34389, 49.34389, 49.34389, 49.34389, 930.76779
0.01511, 49.34389, 49.34389, 49.34389, 49.34389, 49.34389, 49.34389, 930.76779
0.01511, 49.34389, 49.34389, 49.34389, 49.34389, 49.34389, 49.34389, 930.76779
0.01511, 49.34389, 49.34389, 49.34389, 49.34389, 49.34389, 49.34389, 930.76779
0.01511, 49.34389, 49.34389, 49.34389, 49.34389, 49.34389, 49.34389, 930.76779
0.01511, 49.34389, 49.34389, 49.34389, 49.34389, 49.34389, 49.34389, 930.76779
0.01511, 49.34389, 49.34389, 49.34389, 49.34389, 49.34389, 49.34389, 930.76779
0.01511, 49.34389, 49.34389, 49.34389, 49.34389, 49.34389, 49.34389, 930.76779
0.01511, 49.34389, 49.34389, 49.34389, 49.34389, 49.34389, 49.34389, 930.76779
0.01511, 49.34389, 49.34389, 49.34389, 49.34389, 49.34389, 49.34389, 930.76779
0.01511, 49.34389, 49.34389, 49.34389, 49.34389, 49.34389, 49.34389, 930.76779
0.01511, 49.34389, 49.34389, 49.34389, 49.34389, 49.34389, 49.34389, 930.76779
0.01511, 49.34389, 49.34389, 49.34389, 49.34389, 49.34389, 49.34389, 930.76779
0.01511, 49.34389, 49.34389, 49.34389, 49.34389, 49.34389, 49.34389, 930.76779
0.01511, 49.34389, 49.34389, 49.34389, 49.34389, 49.34389, 49.34389, 930.76779
0.01511, 49.34389, 49.34389, 49.34389, 49.34389, 49.34389, 49.34389, 930.76779
0.01511, 49.34389, 49.34389, 49.34389, 49.34389, 49.34389, 49.34389, 930.76779
0.01511, 49.34389, 49.34389, 49.34389, 49.34389, 49.34389, 49.34389, 930.76779
0.01511, 49.34389, 49.34389, 49.34389, 49.34389, 49.34389, 49.34389, 930.76779
0.01511, 49.34389, 49.34389, 49.34389, 49.34389, 49.34389, 49.34389, 930.76779
0.01511, 49.34389, 49.34389, 49.34389, 49.34389, 49.34389, 49.34389, 930.76779
0.01511, 49.34389, 49.34389, 49.34389, 49.34389, 49.34389, 49.34389, 930.76779
0.01511, 49.34389, 49.34389, 49.34389, 49.34389, 49.34389, 49.34389, 930.76779
0.01511, 49.34389, 49.34389, 49.34389, 49.34389, 49.34389, 49.34389, 930.76779
0.01511, 49.34389, 49.34389, 49.34389, 49.34389, 49.34389, 49.34389, 930.76779
0.01511, 49.34389, 49.34389, 49.34389, 49.34389, 49.34389, 49.34389, 930.76779
0.01511, 49.34389, 49.34389, 49.34389, 49.34389, 49.34389, 49.34389, 930.76779
0.01511, 49.34389, 49.34389, 49.34389, 49.34389, 49.34389, 49.34389, 930.76779
0.01511, 49.34389, 49.34389, 49.34389, 49.34389, 49.34389, 49.34389, 930.76779
0.01511, 49.34389, 49.34389, 49.34389, 49.34389, 49.34389, 49.34389, 930.76779
0.01511, 49.34389, 49.34389, 49.34389, 49.34389, 49.34389, 49.34389, 930.76779
0.01511, 49.34389, 49.34389, 49.34389, 49.34389, 49.34389, 49.34389, 930.76779
0.01511, 49.34389, 49.34389, 49.34389, 49.34389, 49.34389, 49.34389, 930.76779
0.97829, 131.59789, 131.59789, 131.59789, 131.59789, 131.59789, 131.59789, 834.27528
0.97829, 131.59789, 131.59789, 131.59789, 131.59789, 131.59789, 131.59789, 834.27528
0.98599, 132.63307, 132.63307, 132.63307, 132.63307, 132.63307, 132.63307, 840.83788
0.98599, 132.63307, 132.63307, 132.63307, 132.63307, 132.63307, 132.63307, 840.83788
0.98599, 132.63307, 132.63307, 132.63307, 132.63307, 132.63307, 132.63307, 840.83788
0.98599, 132.63307, 132.63307, 132.63307, 132.63307, 132.63307, 132.63307, 840.83788
0.98599, 132.63307, 132.63307, 132.63307, 132.63307, 132.63307, 132.63307, 840.83788
0.98599, 132.63307, 132.63307, 132.63307, 132.63307, 132.63307, 132.63307, 840.83788
0.98599, 132.63307, 132.63307, 132.63307, 132.63307, 132.63307, 132.63307, 840.83788
0.98599, 132.63307, 132.63307, 132.63307, 132.63307, 132.63307, 132.63307, 840.83788
0.98599, 132.63307, 132.63307, 132.63307, 132.63307, 132.63307, 132.63307, 840.83788
0.98599, 132.63307, 132.63307, 132.63307, 132.63307, 132.63307, 132.63307, 840.83788
0.98599, 132.63307, 132.63307, 132.63307, 132.63307, 132.63307, 132.63307, 840.83788
0.98599, 132.63307, 132.63307, 132.63307, 132.63307, 132.63307, 132.63307, 840.83788
0.98599, 132.63307, 132.63307, 132.63307, 132.63307, 132.63307, 132.63307, 840.83788
0.98599, 132.63307, 132.63307, 132.63307, 132.63307, 132.63307, 132.63307, 840.83788
0.98599, 132.63307, 132.63307, 132.63307, 132.63307, 132.63307, 132.63307, 840.83788
0.98599, 132.63307, 132.63307, 132.63307, 132.63307, 132.63307, 132.63307, 840.83788
0.98599, 132.63307, 132.63307, 132.63307, 132.63307, 132.63307, 132.63307, 840.83788
0.98599, 132.63307, 132.63307, 132.63307, 132.63307, 132.63307, 132.63307, 840.83788
0.98599, 132.63307, 132.63307, 132.63307, 132.63307, 132.63307, 132.63307, 840.83788
0.98599, 132.63307, 132.63307, 132.63307, 132.63307, 132.63307, 132.63307, 840.83788
0.98599, 132.63307, 132.63307, 132.63307, 132.63307, 132.63307, 132.63307, 840.83788
0.98599, 132.63307, 132.63307, 132.63307, 132.63307, 132.63307, 132.63307, 840.83788
0.98599, 132.63307, 132.63307, 132.63307, 132.63307, 132.63307, 132.63307, 840.83788
0.98599, 132.63307, 132.63307, 132.63307, 132.63307, 132.63307, 132.63307, 840.83788
0.98599, 132.63307, 132.63307, 132.63307, 132.63307, 132.63307, 132.63307, 840.83788
0.05159, 49.72602, 49.72602, 49.72602, 49.72602, 49.72602, 49.72602, 937.97594
48.63157, 0.05903, 0.05903, 0.05903, 0.05903, 0.05903, 0.05903, 0.23401
0.00013, 17.55714, 17.55714, 17.55714, 17.55714, 17.55714, 17.55714, 89.19291
23.87980, 0.05335, 0.05335, 0.05335, 0.05335, 0.05335, 0.05335, 0.21151
0.26751, 76.95211, 76.95211, 76.95211, 76.95211, 76.95211, 76.95211, 487.84403
0.34607, 66.00009, 66.00009, 66.00009, 66.00009, 66.00009, 66.00009, 815.65768
1.43145, 0.06380, 0.06380, 0.06380, 0.06380, 0.06380, 0.06380, 0.25293
0.53985, 118.27875, 118.27875, 118.27875, 118.27875, 118.27875, 118.27875, 749.83756
5.74654, 773.01183, 773.01183, 773.01183, 773.01183, 773.01183, 773.01183, 0.28464
0.24872, 381.03966, 381.03966, 381.03966, 381.03966, 381.03966, 381.03966, 431.23070
0.00205, 0.01994, 0.01994, 0.01994, 0.01994, 0.01994, 0.01994, 0.07907
0.00205, 0.01994, 0.01994, 0.01994, 0.01994, 0.01994, 0.01994, 0.07907
0.02213, 21.71882, 21.71882, 21.71882, 21.71882, 21.71882, 21.71882, 660.34330
0.00000, 16.57785, 16.57785, 16.57785, 16.57785, 16.57785, 16.57785, 312.70607
0.00120, 0.01170, 0.01170, 0.01170, 0.01170, 0.01170, 0.01170, 0.04637
0.02136, 43.50184, 43.50184, 43.50184, 43.50184, 43.50184, 43.50184, 820.57006
0.00041, 31.37151, 31.37151, 31.37151, 31.37151, 31.37151, 31.37151, 591.75693
0.00033, 0.00317, 0.00317, 0.00317, 0.00317, 0.00317, 0.00317, 0.01255
0.04599, 28.08299, 28.08299, 28.08299, 28.08299, 28.08299, 28.08299, 662.91815
0.01123, 39.57697, 39.57697, 39.57697, 39.57697, 39.57697, 39.57697, 934.24130
0.01031, 33.67387, 33.67387, 33.67387, 33.67387, 33.67387, 33.67387, 635.18611
0.00408, 28.46719, 28.46719, 28.46719, 28.46719, 28.46719, 28.46719, 536.97313
0.04593, 3.47757, 3.47757, 3.47757, 3.47757, 3.47757, 3.47757, 271.57644
0.01188, 38.77053, 38.77053, 38.77053, 38.77053, 38.77053, 38.77053, 731.32389
0.00205, 0.01994, 0.01994, 0.01994, 0.01994, 0.01994, 0.01994, 0.07907
1.43145, 0.06380, 0.06380, 0.06380, 0.06380, 0.06380, 0.06380, 0.25293
0.00299, 29.04632, 29.04632, 29.04632, 29.04632, 29.04632, 29.04632, 547.89718
0.01550, 30.06834, 30.06834, 30.06834, 30.06834, 30.06834, 30.06834, 709.78355
13.30668, 0.05516, 0.05516, 0.05516, 0.05516, 0.05516, 0.05516, 0.21869
0.03506, 37.59501, 37.59501, 37.59501, 37.59501, 37.59501, 37.59501, 887.45588
0.00205, 0.01994, 0.01994, 0.01994, 0.01994, 0.01994, 0.01994, 0.07907
0.00292, 27.48998, 27.48998, 27.48998, 27.48998, 27.48998, 27.48998, 648.91977
0.01188, 38.77053, 38.77053, 38.77053, 38.77053, 38.77053, 38.77053, 731.32389
0.00619, 43.94756, 43.94756, 43.94756, 43.94756, 43.94756, 43.94756, 828.97758
34.01377, 0.05657, 0.05657, 0.05657, 0.05657, 0.05657, 0.05657, 0.22427
0.00006, 0.00060, 0.00060, 0.00060, 0.00060, 0.00060, 0.00060, 122.62154
13.30668, 0.05516, 0.05516, 0.05516, 0.05516, 0.05516, 0.05516, 0.21869
0.00015, 64.65292, 64.65292, 64.65292, 64.65292, 64.65292, 64.65292, 409.87233
0.00292, 27.48998, 27.48998, 27.48998, 27.48998, 27.48998, 27.48998, 648.91977
1.43145, 0.06380, 0.06380, 0.06380, 0.06380, 0.06380, 0.06380, 0.25293
0.00799, 0.03629, 0.03629, 0.03629, 0.03629, 0.03629, 0.03629, 0.14389
0.00000, 16.57785, 16.57785, 16.57785, 16.57785, 16.57785, 16.57785, 312.70607
0.00001, 24.38301, 24.38301, 24.38301, 24.38301, 24.38301, 24.38301, 459.93377
0.00202, 0.02449, 0.02449, 0.02449, 0.02449, 0.02449, 0.02449, 58.92741
0.01031, 33.67387, 33.67387, 33.67387, 33.67387, 33.67387, 33.67387, 635.18611
0.00002, 12.56258, 12.56258, 12.56258, 12.56258, 12.56258, 12.56258, 236.96647
0.00289, 0.02803, 0.02803, 0.02803, 0.02803, 0.02803, 0.02803, 0.11113
0.00205, 0.01994, 0.01994, 0.01994, 0.01994, 0.01994, 0.01994, 0.07907
0.00012, 0.00101, 0.00101, 0.00101, 0.00101, 0.00101, 0.00101, 133.06540
0.87941, 118.29690, 118.29690, 118.29690, 118.29690, 118.29690, 118.29690, 749.95263
0.00007, 57.22405, 57.22405, 57.22405, 57.22405, 57.22405, 57.22405, 362.77639
0.67529, 90.83903, 90.83903, 90.83903, 90.83903, 90.83903, 90.83903, 575.88123
0.09010, 847.89226, 847.89226, 847.89226, 847.89226, 847.89226, 847.89226, 0.28224
0.04029, 131.54972, 131.54972, 131.54972, 131.54972, 131.54972, 131.54972, 833.96990
0.04615, 9.17502, 9.17502, 9.17502, 9.17502, 9.17502, 9.17502, 765.69640
0.01347, 43.96877, 43.96877, 43.96877, 43.96877, 43.96877, 43.96877, 829.37756
42.04385, 0.04299, 0.04299, 0.04299, 0.04299, 0.04299, 0.04299, 0.17043
0.00209, 0.00955, 0.00955, 0.00955, 0.00955, 0.00955, 0.00955, 399.84156
0.00408, 28.46719, 28.46719, 28.46719, 28.46719, 28.46719, 28.46719, 536.97313
10.33859, 0.02011, 0.02011, 0.02011, 0.02011, 0.02011, 0.02011, 0.07974
0.00005, 42.87392, 42.87392, 42.87392, 42.87392, 42.87392, 42.87392, 271.80262
0.19960, 126.24517, 126.24517, 126.24517, 126.24517, 126.24517, 126.24517, 800.34131
0.09010, 847.89226, 847.89226, 847.89226, 847.89226, 847.89226, 847.89226, 0.28224
0.00082, 0.00798, 0.00798, 0.00798, 0.00798, 0.00798, 0.00798, 46.02146
23.64945, 0.04196, 0.04196, 0.04196, 0.04196, 0.04196, 0.04196, 0.16636
0.00002, 11.13414, 11.13414, 11.13414, 11.13414, 11.13414, 11.13414, 210.02201
0.00017, 0.00161, 0.00161, 0.00161, 0.00161, 0.00161, 0.00161, 109.55515
0.00033, 0.00317, 0.00317, 0.00317, 0.00317, 0.00317, 0.00317, 0.01255
42.04385, 0.04299, 0.04299, 0.04299, 0.04299, 0.04299, 0.04299, 0.17043
0.00408, 28.46719, 28.46719, 28.46719, 28.46719, 28.46719, 28.46719, 536.97313
0.01031, 33.67387, 33.67387, 33.67387, 33.67387, 33.67387, 33.67387, 635.18611
1.44507, 78.45483, 78.45483, 78.45483, 78.45483, 78.45483, 78.45483, 605.39004
1.43145, 0.06380, 0.06380, 0.06380, 0.06380, 0.06380, 0.06380, 0.25293
0.26751, 76.95211, 76.95211, 76.95211, 76.95211, 76.95211, 76.95211, 487.84403
0.00205, 0.01994, 0.01994, 0.01994, 0.01994, 0.01994, 0.01994, 0.07907
23.64945, 0.04196, 0.04196, 0.04196, 0.04196, 0.04196, 0.04196, 0.16636
0.00033, 23.53473, 23.53473, 23.53473, 23.53473, 23.53473, 23.53473, 443.93281
0.00017, 0.00161, 0.00161, 0.00161, 0.00161, 0.00161, 0.00161, 109.55515
0.00000, 9.18149, 9.18149, 9.18149, 9.18149, 9.18149, 9.18149, 216.73540
0.31595, 75.56404, 75.56404, 75.56404, 75.56404, 75.56404, 75.56404, 479.04426
0.56079, 130.90882, 130.90882, 130.90882, 130.90882, 130.90882, 130.90882, 829.90689
0.00000, 13.60329, 13.60329, 13.60329, 13.60329, 13.60329, 13.60329, 321.11497
42.76317, 0.04789, 0.04789, 0.04789, 0.04789, 0.04789, 0.04789, 0.18988
0.59528, 0.05137, 0.05137, 0.05137, 0.05137, 0.05137, 0.05137, 0.20367
0.23465, 766.07208, 766.07208, 766.07208, 766.07208, 766.07208, 766.07208, 0.28208
5.74654, 773.01183, 773.01183, 773.01183, 773.01183, 773.01183, 773.01183, 0.28464
0.56079, 130.90882, 130.90882, 130.90882, 130.90882, 130.90882, 130.90882, 829.90689
13.30668, 0.05516, 0.05516, 0.05516, 0.05516, 0.05516, 0.05516, 0.21869
0.00007, 56.10488, 56.10488, 56.10488, 56.10488, 56.10488, 56.10488, 355.68134
0.02916, 246.35638, 246.35638, 246.35638, 246.35638, 246.35638, 246.35638, 524.33859
0.00005, 42.87392, 42.87392, 42.87392, 42.87392, 42.87392, 42.87392, 271.80262
0.00000, 20.35903, 20.35903, 20.35903, 20.35903, 20.35903, 20.35903, 480.58887
0.01188, 38.77053, 38.77053, 38.77053, 38.77053, 38.77053, 38.77053, 731.32389
0.00001, 50.64856, 50.64856, 50.64856, 50.64856, 50.64856, 50.64856, 321.09056
0.30459, 581.94295, 581.94295, 581.94295, 581.94295, 581.94295, 581.94295, 189.57344
0.01654, 36.99483, 36.99483, 36.99483, 36.99483, 36.99483, 36.99483, 873.28808
0.00000, 22.53807, 22.53807, 22.53807, 22.53807, 22.53807, 22.53807, 425.13288
0.00005, 42.87392, 42.87392, 42.87392, 42.87392, 42.87392, 42.87392, 271.80262
0.03326, 46.54093, 46.54093, 46.54093, 46.54093, 46.54093, 46.54093, 877.89592
0.00000, 21.15646, 21.15646, 21.15646, 21.15646, 21.15646, 21.15646, 399.07178
0.00017, 0.00161, 0.00161, 0.00161, 0.00161, 0.00161, 0.00161, 109.55515
0.00000, 24.89490, 24.89490, 24.89490, 24.89490, 24.89490, 24.89490, 469.58953
5.74654, 773.01183, 773.01183, 773.01183, 773.01183, 773.01183, 773.01183, 0.28464
0.09010, 847.89226, 847.89226, 847.89226, 847.89226, 847.89226, 847.89226, 0.28224
0.00004, 29.63921, 29.63921, 29.63921, 29.63921, 29.63921, 29.63921, 187.90012
0.00289, 0.02803, 0.02803, 0.02803, 0.02803, 0.02803, 0.02803, 0.11113
0.00120, 0.01170, 0.01170, 0.01170, 0.01170, 0.01170, 0.01170, 0.04637
0.00000, 13.60329, 13.60329, 13.60329, 13.60329, 13.60329, 13.60329, 321.11497
0.00408, 28.46719, 28.46719, 28.46719, 28.46719, 28.46719, 28.46719, 536.97313
0.01347, 43.96877, 43.96877, 43.96877, 43.96877, 43.96877, 43.96877, 829.37756
0.00017, 0.00161, 0.00161, 0.00161, 0.00161, 0.00161, 0.00161, 109.55515
0.00005, 65.70010, 65.70010, 65.70010, 65.70010, 65.70010, 65.70010, 416.51101
0.00289, 0.02803, 0.02803, 0.02803, 0.02803, 0.02803, 0.02803, 0.11113
0.01029, 28.40296, 28.40296, 28.40296, 28.40296, 28.40296, 28.40296, 670.47120
0.00397, 36.69046, 36.69046, 36.69046, 36.69046, 36.69046, 36.69046, 866.10334
0.09010, 847.89226, 847.89226, 847.89226, 847.89226, 847.89226, 847.89226, 0.28224
0.00116, 23.26072, 23.26072, 23.26072, 23.26072, 23.26072, 23.26072, 549.08511
0.00427, 40.21837, 40.21837, 40.21837, 40.21837, 40.21837, 40.21837, 949.38206
0.77635, 104.43251, 104.43251, 104.43251, 104.43251, 104.43251, 104.43251, 662.05823
42.04385, 0.04299, 0.04299, 0.04299, 0.04299, 0.04299, 0.04299, 0.17043
13.30668, 0.05516, 0.05516, 0.05516, 0.05516, 0.05516, 0.05516, 0.21869
3.85743, 0.05555, 0.05555, 0.05555, 0.05555, 0.05555, 0.05555, 0.22025
0.00292, 27.48998, 27.48998, 27.48998, 27.48998, 27.48998, 27.48998, 648.91977
0.00373, 35.07098, 35.07098, 35.07098, 35.07098, 35.07098, 35.07098, 827.87443
0.67529, 90.83903, 90.83903, 90.83903, 90.83903, 90.83903, 90.83903, 575.88123
0.00000, 24.89490, 24.89490, 24.89490, 24.89490, 24.89490, 24.89490, 469.58953
0.00799, 0.03629, 0.03629, 0.03629, 0.03629, 0.03629, 0.03629, 0.14389
0.00000, 30.14224, 30.14224, 30.14224, 30.14224, 30.14224, 30.14224, 303.67722
1.43145, 0.06380, 0.06380, 0.06380, 0.06380, 0.06380, 0.06380, 0.25293
0.00000, 16.57785, 16.57785, 16.57785, 16.57785, 16.57785, 16.57785, 312.70607
0.01352, 44.10995, 44.10995, 44.10995, 44.10995, 44.10995, 44.10995, 832.04064
0.56079, 130.90882, 130.90882, 130.90882, 130.90882, 130.90882, 130.90882, 829.90689
4.99277, 0.02045, 0.02045, 0.02045, 0.02045, 0.02045, 0.02045, 0.08108
13.30668, 0.05516, 0.05516, 0.05516, 0.05516, 0.05516, 0.05516, 0.21869
0.00408, 28.46719, 28.46719, 28.46719, 28.46719, 28.46719, 28.46719, 536.97313
0.00000, 24.89490, 24.89490, 24.89490, 24.89490, 24.89490, 24.89490, 469.58953
0.00427, 40.21837, 40.21837, 40.21837, 40.21837, 40.21837, 40.21837, 949.38206
1.43145, 0.06380, 0.06380, 0.06380, 0.06380, 0.06380, 0.06380, 0.25293
0.00017, 0.00161, 0.00161, 0.00161, 0.00161, 0.00161, 0.00161, 109.55515
0.00033, 0.00317, 0.00317, 0.00317, 0.00317, 0.00317, 0.00317, 0.01255
0.00832, 0.03400, 0.03400, 0.03400, 0.03400, 0.03400, 0.03400, 0.13478
0.00856, 31.27555, 31.27555, 31.27555, 31.27555, 31.27555, 31.27555, 589.94697
0.00004, 29.63921, 29.63921, 29.63921, 29.63921, 29.63921, 29.63921, 187.90012
42.04385, 0.04299, 0.04299, 0.04299, 0.04299, 0.04299, 0.04299, 0.17043
0.00336, 31.62988, 31.62988, 31.62988, 31.62988, 31.62988, 31.62988, 746.64496
0.01043, 11.71272, 11.71272, 11.71272, 11.71272, 11.71272, 11.71272, 865.00490
0.01573, 40.02949, 40.02949, 40.02949, 40.02949, 40.02949, 40.02949, 755.07147
42.76317, 0.04789, 0.04789, 0.04789, 0.04789, 0.04789, 0.04789, 0.18988
13.30668, 0.05516, 0.05516, 0.05516, 0.05516, 0.05516, 0.05516, 0.21869
0.00000, 24.89490, 24.89490, 24.89490, 24.89490, 24.89490, 24.89490, 469.58953
0.04029, 131.54972, 131.54972, 131.54972, 131.54972, 131.54972, 131.54972, 833.96990
13.30668, 0.05516, 0.05516, 0.05516, 0.05516, 0.05516, 0.05516, 0.21869
0.00000, 24.89490, 24.89490, 24.89490, 24.89490, 24.89490, 24.89490, 469.58953
0.03708, 20.37927, 20.37927, 20.37927, 20.37927, 20.37927, 20.37927, 384.41168
0.00114, 0.01118, 0.01118, 0.01118, 0.01118, 0.01118, 0.01118, 0.04432
0.01511, 49.34389, 49.34389, 49.34389, 49.34389, 49.34389, 49.34389, 930.76779
0.00120, 0.01170, 0.01170, 0.01170, 0.01170, 0.01170, 0.01170, 0.04637
0.00200, 188.23654, 188.23654, 188.23654, 188.23654, 188.23654, 188.23654, 0.17406
0.01511, 49.34389, 49.34389, 49.34389, 49.34389, 49.34389, 49.34389, 930.76779
34.75738, 0.06383, 0.06383, 0.06383, 0.06383, 0.06383, 0.06383, 0.25305
0.26751, 76.95211, 76.95211, 76.95211, 76.95211, 76.95211, 76.95211, 487.84403
23.64945, 0.04196, 0.04196, 0.04196, 0.04196, 0.04196, 0.04196, 0.16636
0.00120, 0.01170, 0.01170, 0.01170, 0.01170, 0.01170, 0.01170, 0.04637
0.00116, 23.26072, 23.26072, 23.26072, 23.26072, 23.26072, 23.26072, 549.08511
0.00004, 29.63921, 29.63921, 29.63921, 29.63921, 29.63921, 29.63921, 187.90012
0.00799, 0.03629, 0.03629, 0.03629, 0.03629, 0.03629, 0.03629, 0.14389
35.09277, 0.06444, 0.06444, 0.06444, 0.06444, 0.06444, 0.06444, 0.25549
0.00004, 29.63921, 29.63921, 29.63921, 29.63921, 29.63921, 29.63921, 187.90012
0.00010, 0.00092, 0.00092, 0.00092, 0.00092, 0.00092, 0.00092, 259.49080
0.00000, 21.15646, 21.15646, 21.15646, 21.15646, 21.15646, 21.15646, 399.07178
0.00005, 65.70010, 65.70010, 65.70010, 65.70010, 65.70010, 65.70010, 416.51101
19.72123, 0.06120, 0.06120, 0.06120, 0.06120, 0.06120, 0.06120, 32.53567
0.00000, 21.79283, 21.79283, 21.79283, 21.79283, 21.79283, 21.79283, 411.07548
0.00336, 31.62988, 31.62988, 31.62988, 31.62988, 31.62988, 31.62988, 746.64496
35.09277, 0.06444, 0.06444, 0.06444, 0.06444, 0.06444, 0.06444, 0.25549
42.04385, 0.04299, 0.04299, 0.04299, 0.04299, 0.04299, 0.04299, 0.17043
0.01511, 49.34389, 49.34389, 49.34389, 49.34389, 49.34389, 49.34389, 930.76779
0.23465, 766.07208, 766.07208, 766.07208, 766.07208, 766.07208, 766.07208, 0.28208
0.00000, 20.35903, 20.35903, 20.35903, 20.35903, 20.35903, 20.35903, 480.58887
3.73270, 0.01547, 0.01547, 0.01547, 0.01547, 0.01547, 0.01547, 541.28716
1.43145, 0.06380, 0.06380, 0.06380, 0.06380, 0.06380, 0.06380, 0.25293
0.00381, 35.85229, 35.85229, 35.85229, 35.85229, 35.85229, 35.85229, 846.31769
0.01113, 36.33932, 36.33932, 36.33932, 36.33932, 36.33932, 36.33932, 948.88893
0.03577, 10.70705, 10.70705, 10.70705, 10.70705, 10.70705, 10.70705, 546.09378
0.00000, 20.35903, 20.35903, 20.35903, 20.35903, 20.35903, 20.35903, 480.58887
0.00289, 0.02803, 0.02803, 0.02803, 0.02803, 0.02803, 0.02803, 0.11113
0.00408, 28.46719, 28.46719, 28.46719, 28.46719, 28.46719, 28.46719, 536.97313
1.48096, 753.86338, 753.86338, 753.86338, 753.86338, 753.86338, 753.86338, 0.25094
10.38187, 0.03128, 0.03128, 0.03128, 0.03128, 0.03128, 0.03128, 241.72199
0.25971, 44.48446, 44.48446, 44.48446, 44.48446, 44.48446, 44.48446, 839.10504
0.00000, 21.15646, 21.15646, 21.15646, 21.15646, 21.15646, 21.15646, 399.07178
0.00205, 0.01994, 0.01994, 0.01994, 0.01994, 0.01994, 0.01994, 0.07907
1.43145, 0.06380, 0.06380, 0.06380, 0.06380, 0.06380, 0.06380, 0.25293
0.00000, 21.15646, 21.15646, 21.15646, 21.15646, 21.15646, 21.15646, 399.07178
0.44188, 379.61755, 379.61755, 379.61755, 379.61755, 379.61755, 379.61755, 164.55155
0.00006, 81.67662, 81.67662, 81.67662, 81.67662, 81.67662, 81.67662, 517.79541
31.58992, 0.04808, 0.04808, 0.04808, 0.04808, 0.04808, 0.04808, 0.19062
0.00002, 11.13414, 11.13414, 11.13414, 11.13414, 11.13414, 11.13414, 210.02201
1.56807, 77.14785, 77.14785, 77.14785, 77.14785, 77.14785, 77.14785, 489.08493
0.00000, 16.57785, 16.57785, 16.57785, 16.57785, 16.57785, 16.57785, 312.70607
0.01188, 38.77053, 38.77053, 38.77053, 38.77053, 38.77053, 38.77053, 731.32389
0.00005, 65.70010, 65.70010, 65.70010, 65.70010, 65.70010, 65.70010, 416.51101
13.30668, 0.05516, 0.05516, 0.05516, 0.05516, 0.05516, 0.05516, 0.21869
0.00408, 28.46719, 28.46719, 28.46719, 28.46719, 28.46719, 28.46719, 536.97313
0.01188, 38.77053, 38.77053, 38.77053, 38.77053, 38.77053, 38.77053, 731.32389
0.00004, 29.63921, 29.63921, 29.63921, 29.63921, 29.63921, 29.63921, 187.90012
0.01188, 38.77053, 38.77053, 38.77053, 38.77053, 38.77053, 38.77053, 731.32389
14.02636, 0.02747, 0.02747, 0.02747, 0.02747, 0.02747, 0.02747, 0.10890
0.00120, 0.01170, 0.01170, 0.01170, 0.01170, 0.01170, 0.01170, 0.04637
31.95569, 0.05315, 0.05315, 0.05315, 0.05315, 0.05315, 0.05315, 0.21070
0.23465, 766.07208, 766.07208, 766.07208, 766.07208, 766.07208, 766.07208, 0.28208
0.00000, 24.89490, 24.89490, 24.89490, 24.89490, 24.89490, 24.89490, 469.58953
0.00006, 0.00060, 0.00060, 0.00060, 0.00060, 0.00060, 0.00060, 122.62154
0.06493, 211.98751, 211.98751, 211.98751, 211.98751, 211.98751, 211.98751, 685.65795
18.40807, 0.05490, 0.05490, 0.05490, 0.05490, 0.05490, 0.05490, 0.21764
0.05106, 32.20160, 32.20160, 32.20160, 32.20160, 32.20160, 32.20160, 760.14064
23.64945, 0.04196, 0.04196, 0.04196, 0.04196, 0.04196, 0.04196, 0.16636
0.17705, 0.05052, 0.05052, 0.05052, 0.05052, 0.05052, 0.05052, 0.20029
0.00205, 0.01994, 0.01994, 0.01994, 0.01994, 0.01994, 0.01994, 0.07907
0.00381, 35.85229, 35.85229, 35.85229, 35.85229, 35.85229, 35.85229, 846.31769
11.68639, 0.05213, 0.05213, 0.05213, 0.05213, 0.05213, 0.05213, 37.77035
0.09861, 787.45415, 787.45415, 787.45415, 787.45415, 787.45415, 787.45415, 0.26213
0.00007, 56.10488, 56.10488, 56.10488, 56.10488, 56.10488, 56.10488, 355.68134
30.34647, 0.05047, 0.05047, 0.05047, 0.05047, 0.05047, 0.05047, 0.20009
0.00000, 16.57785, 16.57785, 16.57785, 16.57785, 16.57785, 16.57785, 312.70607
0.00000, 13.60329, 13.60329, 13.60329, 13.60329, 13.60329, 13.60329, 321.11497
23.64945, 0.04196, 0.04196, 0.04196, 0.04196, 0.04196, 0.04196, 0.16636
0.06278, 12.57951, 12.57951, 12.57951, 12.57951, 12.57951, 12.57951, 237.28580
35.09277, 0.06444, 0.06444, 0.06444, 0.06444, 0.06444, 0.06444, 0.25549
0.00120, 0.01170, 0.01170, 0.01170, 0.01170, 0.01170, 0.01170, 0.04637
0.00799, 0.03629, 0.03629, 0.03629, 0.03629, 0.03629, 0.03629, 0.14389
0.07016, 2.61530, 2.61530, 2.61530, 2.61530, 2.61530, 2.61530, 937.33145
0.00006, 0.00060, 0.00060, 0.00060, 0.00060, 0.00060, 0.00060, 122.62154
0.00000, 20.35903, 20.35903, 20.35903, 20.35903, 20.35903, 20.35903, 480.58887
0.00120, 0.01170, 0.01170, 0.01170, 0.01170, 0.01170, 0.01170, 0.04637
9.94357, 0.05025, 0.05025, 0.05025, 0.05025, 0.05025, 0.05025, 0.19924
0.67529, 90.83903, 90.83903, 90.83903, 90.83903, 90.83903, 90.83903, 575.88123
0.00799, 0.03629, 0.03629, 0.03629, 0.03629, 0.03629, 0.03629, 0.14389
2.85748, 0.04413, 0.04413, 0.04413, 0.04413, 0.04413, 0.04413, 0.17497
0.00033, 0.00317, 0.00317, 0.00317, 0.00317, 0.00317, 0.00317, 0.01255
1.37104, 121.16481, 121.16481, 121.16481, 121.16481, 121.16481, 121.16481, 768.13398
3.84800, 0.05676, 0.05676, 0.05676, 0.05676, 0.05676, 0.05676, 0.22501
0.00006, 0.00060, 0.00060, 0.00060, 0.00060, 0.00060, 0.00060, 122.62154
0.00890, 41.37877, 41.37877, 41.37877, 41.37877, 41.37877, 41.37877, 780.52282
0.01031, 33.67387, 33.67387, 33.67387, 33.67387, 33.67387, 33.67387, 635.18611
0.00005, 65.70010, 65.70010, 65.70010, 65.70010, 65.70010, 65.70010, 416.51101
13.30668, 0.05516, 0.05516, 0.05516, 0.05516, 0.05516, 0.05516, 0.21869
0.06595, 645.23161, 645.23161, 645.23161, 645.23161, 645.23161, 645.23161, 0.21007
0.79618, 611.58404, 611.58404, 611.58404, 611.58404, 611.58404, 611.58404, 0.22520
0.02935, 27.19621, 27.19621, 27.19621, 27.19621, 27.19621, 27.19621, 641.98495
0.00002, 11.13414, 11.13414, 11.13414, 11.13414, 11.13414, 11.13414, 210.02201
0.00008, 72.02221, 72.02221, 72.02221, 72.02221, 72.02221, 72.02221, 456.59055
0.00408, 28.46719, 28.46719, 28.46719, 28.46719, 28.46719, 28.46719, 536.97313
0.00799, 0.03629, 0.03629, 0.03629, 0.03629, 0.03629, 0.03629, 0.14389
divergence_from_baseline:58.359461992
