
Model: DTLZ_3
Args:
	number of decisions: 40
	number of objectives: 4
Settings: 
{	:candidates 500
 	:era 100
 	:gens 200
 	:lives 1
 	:mutate_prob 0.25
 	:patience 1
 	:retain 0.33
}
 Baseline Population: 
509.34923, 46.02605, 46.02605, 3742.79928
1144.88737, 260.31734, 260.31734, 3509.44117
945.98247, 619.77947, 619.77947, 1667.63761
51.01325, 462.70216, 462.70216, 1969.94795
737.88306, 353.66487, 353.66487, 1118.83416
24.21278, 123.38690, 123.38690, 3628.67017
312.01276, 539.42231, 539.42231, 2827.39283
11.22508, 28.87569, 28.87569, 4880.78840
949.92105, 174.32083, 174.32083, 3293.59969
396.93650, 41.17888, 41.17888, 4135.05340
0.12335, 355.46806, 355.46806, 3507.95662
1254.91198, 19.77407, 19.77407, 1859.24167
0.25441, 0.06344, 0.06344, 3701.24840
103.93687, 707.95086, 707.95086, 2574.46444
1143.27446, 257.08636, 257.08636, 3419.70157
80.38776, 14.97106, 14.97106, 4422.61741
392.45803, 139.16202, 139.16202, 4323.25961
64.18687, 838.03383, 838.03383, 1974.68245
312.03685, 763.81732, 763.81732, 800.16419
108.64112, 191.39725, 191.39725, 4874.42759
246.60784, 119.53289, 119.53289, 4512.78576
71.29196, 0.64810, 0.64810, 4557.09991
332.12937, 141.88650, 141.88650, 2191.05785
830.70800, 353.86716, 353.86716, 1843.22247
448.91082, 225.68788, 225.68788, 4190.66681
286.44232, 80.79678, 80.79678, 2205.87742
97.53956, 754.36539, 754.36539, 1332.17758
7.75993, 934.10985, 934.10985, 1604.36486
2043.09325, 163.98666, 163.98666, 540.58907
263.60028, 689.73921, 689.73921, 3699.93368
1895.53204, 277.63037, 277.63037, 1719.07808
711.56915, 601.82651, 601.82651, 2255.81018
45.35853, 38.31102, 38.31102, 3463.05448
139.30043, 635.56449, 635.56449, 2156.37789
250.81720, 908.65187, 908.65187, 897.97307
330.22964, 175.43003, 175.43003, 2631.25794
900.69564, 16.56671, 16.56671, 4258.10715
323.23254, 351.06206, 351.06206, 5061.99663
80.51493, 810.88408, 810.88408, 278.45261
732.38946, 517.07741, 517.07741, 3055.82111
595.83991, 230.81249, 230.81249, 3598.66199
14.00876, 566.68083, 566.68083, 3162.95773
47.64440, 389.16201, 389.16201, 4392.82725
190.28996, 272.03215, 272.03215, 4558.69530
53.58343, 1077.48479, 1077.48479, 1053.86772
933.62479, 16.20171, 16.20171, 3772.32670
276.04523, 107.22861, 107.22861, 4171.76319
27.27052, 285.51369, 285.51369, 4749.64031
1028.21763, 26.63966, 26.63966, 2010.94439
2037.26962, 317.43227, 317.43227, 492.07431
2121.68169, 261.26399, 261.26399, 2955.21263
1228.16161, 750.16968, 750.16968, 363.88925
396.16663, 150.81026, 150.81026, 4090.09909
611.32722, 256.10940, 256.10940, 3937.61105
829.58228, 41.08622, 41.08622, 3821.28153
470.28788, 415.16980, 415.16980, 2182.73860
1132.78994, 460.23666, 460.23666, 3148.56017
235.90523, 346.21315, 346.21315, 250.46701
540.87518, 191.15655, 191.15655, 3926.75688
94.84841, 30.65402, 30.65402, 4708.73270
196.38512, 691.43634, 691.43634, 2178.82051
366.39424, 428.60033, 428.60033, 2575.57465
16.32575, 319.44750, 319.44750, 2355.59962
12.49077, 22.51470, 22.51470, 4703.14284
108.51729, 177.67843, 177.67843, 4296.96306
212.46883, 71.89479, 71.89479, 3582.87952
969.16528, 55.84935, 55.84935, 2234.48756
559.81913, 99.50137, 99.50137, 4797.72547
91.94619, 54.74216, 54.74216, 4668.27392
83.80946, 210.68226, 210.68226, 2922.18736
738.70592, 518.34554, 518.34554, 3540.15449
190.57174, 233.25179, 233.25179, 4080.77057
166.38187, 48.89537, 48.89537, 4299.38414
948.03024, 301.83385, 301.83385, 3168.92238
21.09868, 35.92808, 35.92808, 4422.78400
121.27961, 306.88353, 306.88353, 1120.44454
0.43270, 0.12884, 0.12884, 3646.04485
255.74349, 195.48519, 195.48519, 2850.52875
545.03499, 578.82799, 578.82799, 1966.15985
1428.15000, 412.09756, 412.09756, 2424.41583
893.72832, 7.66163, 7.66163, 4032.08286
175.14223, 366.37259, 366.37259, 4081.03464
332.98702, 31.95823, 31.95823, 3272.58140
170.11885, 873.05106, 873.05106, 1303.29978
1607.38400, 114.72996, 114.72996, 2610.18496
165.85495, 864.52665, 864.52665, 1778.90418
625.50641, 127.41695, 127.41695, 3920.79044
115.01582, 110.98198, 110.98198, 4917.07790
1925.93718, 289.16647, 289.16647, 1723.04186
424.81215, 270.27858, 270.27858, 3805.07300
131.51058, 199.84324, 199.84324, 5282.22286
227.07116, 184.20034, 184.20034, 3434.36406
219.36368, 753.27680, 753.27680, 1001.44334
284.87548, 16.24563, 16.24563, 2872.97267
1824.94676, 186.37913, 186.37913, 3505.45798
66.90239, 13.23128, 13.23128, 4442.57671
720.98809, 255.65966, 255.65966, 4135.24349
98.23424, 186.94858, 186.94858, 4620.77749
288.83036, 197.05315, 197.05315, 598.74305
1986.79794, 48.89315, 48.89315, 316.39141
762.76129, 58.41301, 58.41301, 3545.43903
76.00676, 436.31586, 436.31586, 2967.26468
731.10702, 286.26971, 286.26971, 1892.77591
1269.47900, 588.64064, 588.64064, 2744.61685
434.26748, 58.75967, 58.75967, 4915.75427
12.64327, 721.11247, 721.11247, 2901.86983
656.64425, 145.89096, 145.89096, 3610.09055
472.12165, 734.17140, 734.17140, 1065.95057
1175.36176, 156.04852, 156.04852, 4287.39836
158.10182, 354.15086, 354.15086, 3281.20341
1045.87379, 561.42842, 561.42842, 1579.70546
1947.50096, 47.58513, 47.58513, 2934.47336
393.98740, 289.90691, 289.90691, 2491.57148
1668.77801, 276.08813, 276.08813, 149.75356
277.12625, 259.20261, 259.20261, 3923.99447
230.43682, 503.86074, 503.86074, 2623.01079
1669.11221, 4.15313, 4.15313, 2754.35391
69.92983, 700.65022, 700.65022, 2766.40479
211.13288, 769.15458, 769.15458, 1128.67798
1518.87727, 141.96443, 141.96443, 2925.47509
2032.64754, 211.40581, 211.40581, 970.77801
604.95961, 139.47187, 139.47187, 2757.12085
473.88053, 26.40451, 26.40451, 4199.51140
9.57379, 66.71125, 66.71125, 4632.79492
575.64830, 86.28412, 86.28412, 2972.36711
397.20219, 115.16116, 115.16116, 4325.50192
767.68564, 94.81720, 94.81720, 3438.52105
152.43204, 104.81632, 104.81632, 4725.83227
43.27883, 17.81124, 17.81124, 3661.30437
1523.81101, 131.88042, 131.88042, 2996.56257
53.32054, 34.99816, 34.99816, 4635.18832
90.85001, 156.76920, 156.76920, 1937.83401
585.39147, 530.98796, 530.98796, 1637.13399
1081.75999, 114.16693, 114.16693, 4113.71478
452.92866, 490.18527, 490.18527, 2739.57104
1469.82357, 450.39036, 450.39036, 534.27535
19.83207, 878.23483, 878.23483, 188.87855
55.31439, 23.97136, 23.97136, 3740.82697
8.88387, 100.68110, 100.68110, 3643.96906
142.79096, 400.72260, 400.72260, 4645.82059
61.58194, 764.15952, 764.15952, 1860.29244
373.59324, 712.34650, 712.34650, 1289.94202
878.68625, 212.34048, 212.34048, 2290.43201
123.18433, 57.84274, 57.84274, 2965.28960
5.06306, 1.50434, 1.50434, 4675.20258
532.02235, 67.79227, 67.79227, 2182.19203
538.76607, 226.56310, 226.56310, 1563.58858
91.99878, 7.90163, 7.90163, 3399.35707
437.23758, 208.49807, 208.49807, 4326.32867
487.05593, 356.88134, 356.88134, 4027.32839
191.31548, 136.83349, 136.83349, 3212.15563
475.22134, 65.93273, 65.93273, 4213.17670
654.03959, 101.66446, 101.66446, 3889.28457
1477.87293, 130.11358, 130.11358, 3471.58604
1634.69416, 98.00039, 98.00039, 87.24995
2238.57257, 164.75205, 164.75205, 29.44132
247.07414, 316.23022, 316.23022, 2973.37527
389.00025, 700.54025, 700.54025, 798.39681
461.11620, 629.53877, 629.53877, 2581.11303
707.52185, 47.66147, 47.66147, 3703.02667
45.38828, 82.69334, 82.69334, 4500.29696
1040.82968, 145.63853, 145.63853, 5483.08280
214.44921, 127.98611, 127.98611, 4561.03732
163.79110, 147.14495, 147.14495, 3204.41492
11.58502, 163.28733, 163.28733, 5002.77094
313.94797, 27.62865, 27.62865, 5182.37924
820.70482, 53.88928, 53.88928, 3737.29661
561.52561, 416.84955, 416.84955, 2378.26469
546.85033, 535.82500, 535.82500, 3943.40436
383.90951, 57.16807, 57.16807, 912.88043
589.86702, 391.14359, 391.14359, 2101.33539
29.27263, 69.18152, 69.18152, 4543.20100
914.13311, 190.96580, 190.96580, 3182.03022
952.22464, 252.88462, 252.88462, 2293.96919
613.92365, 243.90570, 243.90570, 3490.55122
75.93990, 737.36042, 737.36042, 1672.98035
1965.04957, 90.11191, 90.11191, 418.41559
385.16531, 659.25483, 659.25483, 2405.77263
479.43548, 627.14032, 627.14032, 3669.83948
1554.41331, 288.67635, 288.67635, 2400.55019
169.81962, 944.47981, 944.47981, 1546.04140
56.34970, 395.24956, 395.24956, 5239.60938
780.31465, 331.60600, 331.60600, 1418.57712
999.09378, 471.56895, 471.56895, 3240.73896
122.03407, 2.58731, 2.58731, 3705.25967
189.60049, 738.73333, 738.73333, 1123.30438
727.97434, 629.30103, 629.30103, 1402.03687
263.51413, 403.87554, 403.87554, 2592.04763
145.62397, 1135.37161, 1135.37161, 1127.27416
2078.79468, 94.01140, 94.01140, 850.08013
454.60990, 129.48679, 129.48679, 4177.41248
353.20462, 397.30168, 397.30168, 3653.20305
225.99349, 220.87307, 220.87307, 3330.31092
235.12803, 309.17245, 309.17245, 3972.72418
117.26262, 865.99506, 865.99506, 3216.76536
124.16249, 485.09047, 485.09047, 58.50686
151.19528, 104.31188, 104.31188, 3475.31784
166.78056, 330.69126, 330.69126, 4239.99054
268.02324, 394.89522, 394.89522, 2939.39035
169.39164, 389.11007, 389.11007, 2686.59723
867.18331, 279.32868, 279.32868, 1891.56082
253.68010, 128.03039, 128.03039, 4065.20417
1561.45083, 354.60845, 354.60845, 104.57971
1035.27947, 30.04755, 30.04755, 3818.20075
145.08749, 594.63755, 594.63755, 2893.80696
136.82381, 527.14619, 527.14619, 2287.14191
157.53441, 276.82991, 276.82991, 3373.75479
620.66855, 65.53289, 65.53289, 4302.55818
811.79759, 323.25024, 323.25024, 1361.98185
1583.59936, 469.77985, 469.77985, 345.41006
66.14477, 860.50312, 860.50312, 2189.35806
489.42561, 743.50444, 743.50444, 1783.73979
99.23096, 561.11261, 561.11261, 893.48316
555.76135, 283.82629, 283.82629, 1834.48258
1353.41611, 320.24309, 320.24309, 82.33251
22.47813, 979.20794, 979.20794, 1104.85701
86.34522, 151.95527, 151.95527, 4291.08550
399.10795, 296.53270, 296.53270, 3702.54317
32.10279, 673.98562, 673.98562, 2921.63556
802.86475, 87.63890, 87.63890, 3320.31430
1023.80679, 162.05665, 162.05665, 1381.45546
261.02738, 705.58801, 705.58801, 2730.33859
345.81197, 387.64778, 387.64778, 953.00664
255.06446, 584.59412, 584.59412, 2120.16792
862.53824, 430.74840, 430.74840, 2146.18181
1268.11867, 87.44320, 87.44320, 4186.11440
141.51504, 333.13234, 333.13234, 4667.68747
57.22586, 29.73526, 29.73526, 4598.56517
259.74903, 321.84573, 321.84573, 3870.00362
928.21855, 399.23054, 399.23054, 1723.17548
267.39827, 751.30703, 751.30703, 2180.05447
474.09530, 196.97440, 196.97440, 2923.30884
233.36247, 265.76028, 265.76028, 4420.81811
438.48990, 703.25200, 703.25200, 3167.27549
209.58654, 589.96647, 589.96647, 2767.37062
1.75799, 10.09467, 10.09467, 4538.81904
1403.99139, 5.04930, 5.04930, 1391.51018
159.41387, 672.13384, 672.13384, 2364.06829
506.94032, 544.26791, 544.26791, 1029.58530
18.75067, 11.17714, 11.17714, 4468.58231
959.89279, 79.33213, 79.33213, 3745.78162
1634.92848, 123.82537, 123.82537, 2527.09113
842.98217, 44.94517, 44.94517, 1186.82756
225.51387, 664.84880, 664.84880, 2342.05886
959.55297, 14.34533, 14.34533, 3633.62365
956.81454, 201.25369, 201.25369, 3409.22471
283.54950, 35.57836, 35.57836, 5263.87667
77.99534, 759.63737, 759.63737, 1449.13799
116.22277, 393.70668, 393.70668, 3158.66586
1.97473, 738.45493, 738.45493, 2166.01279
221.51508, 53.48762, 53.48762, 4915.83736
872.44234, 60.22697, 60.22697, 3554.41820
1662.73311, 506.70262, 506.70262, 277.31799
61.05697, 485.80258, 485.80258, 2473.85233
321.83029, 518.30284, 518.30284, 2369.65729
577.28501, 155.47565, 155.47565, 4153.12673
9.06638, 828.27816, 828.27816, 1334.97871
586.20497, 525.09294, 525.09294, 2400.01520
30.15359, 521.42140, 521.42140, 4504.80073
16.52089, 177.16212, 177.16212, 4472.17669
226.58247, 343.14251, 343.14251, 4132.97442
1209.78018, 62.42621, 62.42621, 1182.31975
258.06111, 118.04514, 118.04514, 4052.37896
62.40322, 289.01120, 289.01120, 4605.73014
8.06249, 420.04347, 420.04347, 4387.34161
944.89246, 63.25714, 63.25714, 1777.86951
1223.08046, 232.45537, 232.45537, 4150.75788
882.60110, 340.45224, 340.45224, 1908.56558
1362.87335, 29.80244, 29.80244, 1650.06624
107.20495, 497.15575, 497.15575, 2754.83000
1603.73149, 172.08143, 172.08143, 3934.10361
237.04374, 841.94775, 841.94775, 912.92269
396.11919, 972.45508, 972.45508, 1185.48687
1752.91365, 471.86399, 471.86399, 565.75907
393.08385, 10.76029, 10.76029, 3953.96465
37.51508, 961.08662, 961.08662, 1192.71771
152.67300, 912.00234, 912.00234, 2318.61501
223.58213, 27.63809, 27.63809, 3464.83629
502.40859, 123.54415, 123.54415, 4051.86599
938.85049, 548.32102, 548.32102, 1787.21584
1802.50732, 542.95545, 542.95545, 402.86141
411.33120, 215.81828, 215.81828, 2814.69297
257.44684, 799.66715, 799.66715, 2023.87583
123.19586, 577.95374, 577.95374, 437.93036
234.62052, 412.15199, 412.15199, 2755.75654
1175.08714, 348.58580, 348.58580, 3197.54487
74.58086, 503.58529, 503.58529, 27.69723
53.33944, 638.09674, 638.09674, 1932.62401
213.75232, 386.70274, 386.70274, 2993.38079
503.21711, 304.10043, 304.10043, 3929.58650
60.11593, 564.27571, 564.27571, 4496.28540
60.32618, 60.58287, 60.58287, 3490.36851
356.16199, 10.01006, 10.01006, 4473.74728
554.57158, 421.59808, 421.59808, 3867.46694
669.04909, 211.86152, 211.86152, 2155.44380
1004.85906, 626.95622, 626.95622, 2128.61167
44.16874, 248.76123, 248.76123, 5373.22126
581.41162, 217.14435, 217.14435, 2649.11867
1048.09955, 695.48068, 695.48068, 1893.75234
306.89952, 204.59997, 204.59997, 4794.86225
623.43764, 289.88069, 289.88069, 4348.17906
1623.21109, 63.41186, 63.41186, 531.42324
1220.69934, 176.42232, 176.42232, 4122.84724
585.03694, 191.70032, 191.70032, 4215.76229
724.22274, 449.84982, 449.84982, 1434.08082
185.60607, 341.71101, 341.71101, 2813.39909
311.87754, 29.81462, 29.81462, 4593.19702
1832.96516, 192.03784, 192.03784, 516.58245
384.56205, 410.65509, 410.65509, 309.17666
1990.32046, 354.69269, 354.69269, 452.72548
1192.30602, 472.25158, 472.25158, 2928.85575
48.85681, 137.64432, 137.64432, 4510.22836
725.36810, 361.22273, 361.22273, 3774.24592
344.76084, 585.20777, 585.20777, 1087.57765
396.21267, 20.61968, 20.61968, 4880.25247
208.48012, 523.11149, 523.11149, 2890.58107
394.85360, 467.28436, 467.28436, 2390.08085
190.65659, 26.25958, 26.25958, 3573.98935
586.63938, 444.77200, 444.77200, 3470.28037
208.69381, 499.01751, 499.01751, 2068.84566
147.29770, 773.18044, 773.18044, 1079.97772
153.25046, 222.06134, 222.06134, 3299.18895
842.69541, 247.15766, 247.15766, 2269.75358
398.91907, 192.28901, 192.28901, 3940.51360
943.82090, 428.81833, 428.81833, 2847.79568
172.43009, 341.65664, 341.65664, 1278.89002
299.14304, 56.80483, 56.80483, 3474.52154
1152.92338, 454.16804, 454.16804, 1890.14516
1145.71330, 549.33463, 549.33463, 196.97339
1012.38875, 10.85524, 10.85524, 3407.02037
471.14192, 80.56247, 80.56247, 5510.25750
473.80741, 575.17760, 575.17760, 1990.10184
348.57426, 336.83994, 336.83994, 2728.24079
366.50966, 9.03855, 9.03855, 4962.21529
1208.01695, 412.13006, 412.13006, 3052.10808
1261.56446, 672.88347, 672.88347, 210.19778
1844.18007, 242.13595, 242.13595, 869.45393
23.06955, 418.73566, 418.73566, 4381.47766
887.60616, 407.31595, 407.31595, 3252.34582
210.55469, 368.78463, 368.78463, 1211.97900
3.47574, 14.95410, 14.95410, 4946.38945
1243.72881, 109.57428, 109.57428, 1371.75027
1122.03117, 112.89794, 112.89794, 3959.84475
208.57534, 37.57132, 37.57132, 1102.97554
1208.21059, 39.02819, 39.02819, 3312.74688
280.90987, 405.05040, 405.05040, 3089.25547
7.09433, 471.56592, 471.56592, 1208.34992
169.27425, 553.93353, 553.93353, 4126.64828
635.82372, 771.61559, 771.61559, 2035.07227
215.49666, 35.84017, 35.84017, 1616.93955
656.00072, 594.80044, 594.80044, 3186.78404
11.63007, 143.84463, 143.84463, 3067.54634
456.35451, 531.23754, 531.23754, 2490.87152
552.05175, 357.01827, 357.01827, 2341.15753
127.89143, 325.57887, 325.57887, 4131.75723
907.89218, 55.40253, 55.40253, 3114.33454
1808.68419, 77.60206, 77.60206, 455.03899
187.58539, 961.41436, 961.41436, 1151.88435
290.70212, 758.95281, 758.95281, 2156.77638
730.70929, 159.99771, 159.99771, 3708.38019
348.26397, 161.59679, 161.59679, 2137.84006
977.05511, 120.45769, 120.45769, 2231.73430
1149.81354, 324.89080, 324.89080, 3372.90270
345.08093, 617.96319, 617.96319, 493.20530
111.35321, 352.22041, 352.22041, 2682.94960
1446.02534, 123.19150, 123.19150, 3289.45518
164.92959, 102.93914, 102.93914, 3009.26833
107.84543, 853.44217, 853.44217, 2395.35755
1081.12986, 551.78282, 551.78282, 1793.66947
125.92386, 705.79387, 705.79387, 1959.98005
392.60556, 692.21179, 692.21179, 1815.64806
1427.80015, 236.95724, 236.95724, 271.48296
14.85472, 70.30002, 70.30002, 3628.74183
1810.76442, 118.11640, 118.11640, 2534.87981
485.91470, 387.95221, 387.95221, 1125.08305
418.43792, 662.90223, 662.90223, 2276.45015
203.66832, 607.03550, 607.03550, 1524.21996
1061.13659, 169.85531, 169.85531, 3396.74697
272.05733, 237.45396, 237.45396, 1685.28810
3.43864, 319.27911, 319.27911, 4571.93336
23.02132, 209.12511, 209.12511, 5178.07798
54.04969, 93.01514, 93.01514, 4594.66786
9.13501, 276.67859, 276.67859, 4284.50483
340.58396, 192.33777, 192.33777, 4098.71769
148.67208, 13.68576, 13.68576, 3648.37162
1194.74918, 182.72722, 182.72722, 2025.71051
864.99349, 348.09234, 348.09234, 3168.07043
1783.41430, 124.75904, 124.75904, 668.18055
851.98691, 201.84136, 201.84136, 4311.04325
69.64986, 286.82572, 286.82572, 2651.12060
136.85145, 170.65158, 170.65158, 4823.64103
617.85362, 205.42464, 205.42464, 3481.53175
353.18587, 236.20929, 236.20929, 1245.21107
63.94366, 842.49802, 842.49802, 1843.53965
401.98668, 48.03034, 48.03034, 4838.67455
328.18416, 288.45866, 288.45866, 4301.84451
494.74918, 100.55451, 100.55451, 4085.72770
998.93679, 177.02291, 177.02291, 1455.38499
689.34114, 328.71300, 328.71300, 4038.26062
194.71695, 217.95160, 217.95160, 4317.03422
954.53488, 171.34766, 171.34766, 3395.92646
429.81064, 83.79612, 83.79612, 2361.02168
1178.87316, 36.66836, 36.66836, 2029.88078
125.19515, 72.59634, 72.59634, 1486.77265
101.64939, 739.28953, 739.28953, 1869.12538
1359.70090, 87.23638, 87.23638, 2708.13178
1045.34581, 745.28813, 745.28813, 1390.70021
590.80007, 787.81716, 787.81716, 1828.27384
26.36484, 71.21560, 71.21560, 2735.10808
526.31002, 404.66739, 404.66739, 887.70013
188.67000, 95.83988, 95.83988, 3591.11944
63.15289, 806.72811, 806.72811, 1358.70108
710.97344, 105.35151, 105.35151, 4104.42989
1027.20765, 364.35334, 364.35334, 1839.16515
1416.77913, 353.45752, 353.45752, 2513.09595
616.02679, 261.08717, 261.08717, 4374.03299
486.56241, 554.32721, 554.32721, 1030.26665
574.61933, 50.26085, 50.26085, 4452.47700
14.72277, 13.31362, 13.31362, 3747.90234
5.48358, 634.50478, 634.50478, 1826.53665
365.29281, 363.53932, 363.53932, 3966.68646
88.99845, 30.16088, 30.16088, 4733.09347
292.50829, 548.40764, 548.40764, 2437.79068
1375.85721, 473.55361, 473.55361, 2669.24733
698.19826, 560.89515, 560.89515, 1508.89901
45.76569, 227.00171, 227.00171, 4332.43899
188.29559, 134.72641, 134.72641, 2876.74133
30.14217, 326.06587, 326.06587, 4544.86969
147.56374, 34.18092, 34.18092, 1694.50184
5.73795, 9.76438, 9.76438, 3725.81153
83.89911, 67.00258, 67.00258, 3328.74821
349.03724, 178.25038, 178.25038, 3136.55213
52.81135, 633.24382, 633.24382, 457.31369
32.55509, 4.49540, 4.49540, 3417.63382
419.14427, 734.38735, 734.38735, 1868.82003
1701.93246, 6.68959, 6.68959, 2410.62461
24.21425, 1172.64415, 1172.64415, 1395.98566
1378.50050, 33.19732, 33.19732, 3271.86250
15.09987, 661.83550, 661.83550, 2487.16723
771.21634, 376.24590, 376.24590, 3224.06137
1708.26942, 220.28998, 220.28998, 712.50772
946.78324, 174.79406, 174.79406, 3094.24726
453.40455, 558.90025, 558.90025, 540.07998
60.82063, 187.93560, 187.93560, 4506.97006
17.11607, 20.85892, 20.85892, 3641.08497
578.70577, 817.30393, 817.30393, 957.61926
1971.06691, 397.02456, 397.02456, 402.42416
106.90603, 927.22640, 927.22640, 1034.37388
1148.10489, 60.66734, 60.66734, 3028.77515
1097.46933, 633.92057, 633.92057, 5.80714
28.74339, 152.87904, 152.87904, 4815.17298
1395.46392, 79.65722, 79.65722, 2648.34460
353.76132, 870.57173, 870.57173, 847.21654
1573.77158, 546.99636, 546.99636, 518.19711
101.86712, 327.08464, 327.08464, 2999.81561
570.29888, 419.74066, 419.74066, 2319.12331
1069.21812, 96.16939, 96.16939, 3585.36864
356.13229, 415.23243, 415.23243, 4457.98989
577.97123, 192.24181, 192.24181, 4169.61681
1.60683, 52.04917, 52.04917, 4476.72582
87.49339, 459.70243, 459.70243, 3141.52270
912.68075, 291.85397, 291.85397, 1932.90598
1244.72349, 55.01956, 55.01956, 1714.74077
103.59031, 468.55734, 468.55734, 4559.92809
358.40521, 87.24043, 87.24043, 3349.93828
382.04962, 614.11161, 614.11161, 899.53585
740.04623, 10.61488, 10.61488, 4175.70180
1015.17984, 642.91819, 642.91819, 1718.28563
870.50965, 60.37054, 60.37054, 1633.95117
283.70653, 338.20288, 338.20288, 3856.95801
493.17431, 501.33841, 501.33841, 1585.78545
1052.87238, 77.57508, 77.57508, 3542.75367
130.34888, 573.66204, 573.66204, 1869.19299
236.53285, 711.71110, 711.71110, 2008.03380
4.01291, 380.60743, 380.60743, 4415.08892
183.92424, 864.79313, 864.79313, 1102.74090
636.80058, 250.08604, 250.08604, 3681.32788
37.10518, 313.31652, 313.31652, 3350.95619
174.37140, 69.48722, 69.48722, 5057.78995
346.62800, 949.27101, 949.27101, 2049.38125
624.49092, 490.32380, 490.32380, 2444.90994
1734.13848, 341.88793, 341.88793, 450.03646
601.01990, 138.71365, 138.71365, 963.51189
270.96053, 54.71381, 54.71381, 4787.15873
646.56754, 497.51760, 497.51760, 1696.29708
433.10122, 54.10970, 54.10970, 2743.51057
30.32507, 60.53749, 60.53749, 4914.10972
687.23531, 827.66808, 827.66808, 1189.05676
731.04997, 210.84282, 210.84282, 2264.75917
1421.98849, 359.90810, 359.90810, 2948.45006
256.89458, 641.62180, 641.62180, 113.70172
322.83893, 168.94536, 168.94536, 2155.39075
1117.48207, 293.40591, 293.40591, 3839.96061
365.98931, 0.51863, 0.51863, 4720.59480
814.13219, 594.68727, 594.68727, 3021.00394
197.44375, 574.95197, 574.95197, 2554.72901
666.59724, 219.68234, 219.68234, 2290.54877
1727.86967, 242.15782, 242.15782, 2266.89445
648.43453, 414.01040, 414.01040, 2348.11925
1030.02434, 283.19902, 283.19902, 3589.14223

 Final Population: 
1.86238, 0.13615, 0.13615, 1.44879
1.86238, 0.13615, 0.13615, 1.44879
1.86238, 0.13615, 0.13615, 1.44879
1.86238, 0.13615, 0.13615, 1.44879
1.86238, 0.13615, 0.13615, 1.44879
1.86238, 0.13615, 0.13615, 1.44879
1.86238, 0.13615, 0.13615, 1.44879
1.86238, 0.13615, 0.13615, 1.44879
1.86238, 0.13615, 0.13615, 1.44879
1.86238, 0.13615, 0.13615, 1.44879
1.86238, 0.13615, 0.13615, 1.44879
1.86238, 0.13615, 0.13615, 1.44879
1.86238, 0.13615, 0.13615, 1.44879
1.86238, 0.13615, 0.13615, 1.44879
1.86238, 0.13615, 0.13615, 1.44879
1.86238, 0.13615, 0.13615, 1.44879
1.86238, 0.13615, 0.13615, 1.44879
1.86238, 0.13615, 0.13615, 1.44879
1.86238, 0.13615, 0.13615, 1.44879
1.86238, 0.13615, 0.13615, 1.44879
1.86238, 0.13615, 0.13615, 1.44879
1.86238, 0.13615, 0.13615, 1.44879
1.86238, 0.13615, 0.13615, 1.44879
1.86238, 0.13615, 0.13615, 1.44879
1.86238, 0.13615, 0.13615, 1.44879
1.86238, 0.13615, 0.13615, 1.44879
1.86238, 0.13615, 0.13615, 1.44879
1.86238, 0.13615, 0.13615, 1.44879
1.86238, 0.13615, 0.13615, 1.44879
1.86238, 0.13615, 0.13615, 1.44879
1.86238, 0.13615, 0.13615, 1.44879
1.86238, 0.13615, 0.13615, 1.44879
1.86238, 0.13615, 0.13615, 1.44879
1.86238, 0.13615, 0.13615, 1.44879
1.86238, 0.13615, 0.13615, 1.44879
1.86238, 0.13615, 0.13615, 1.44879
1.86238, 0.13615, 0.13615, 1.44879
1.86238, 0.13615, 0.13615, 1.44879
1.86238, 0.13615, 0.13615, 1.44879
1.86238, 0.13615, 0.13615, 1.44879
1.86238, 0.13615, 0.13615, 1.44879
1.86238, 0.13615, 0.13615, 1.44879
1.86238, 0.13615, 0.13615, 1.44879
1.86238, 0.13615, 0.13615, 1.44879
1.86238, 0.13615, 0.13615, 1.44879
1.86238, 0.13615, 0.13615, 1.44879
1.86238, 0.13615, 0.13615, 1.44879
1.86238, 0.13615, 0.13615, 1.44879
1.86238, 0.13615, 0.13615, 1.44879
1.86238, 0.13615, 0.13615, 1.44879
1.86238, 0.13615, 0.13615, 1.44879
1.86238, 0.13615, 0.13615, 1.44879
1.86238, 0.13615, 0.13615, 1.44879
1.86238, 0.13615, 0.13615, 1.44879
1.86238, 0.13615, 0.13615, 1.44879
1.86238, 0.13615, 0.13615, 1.44879
1.86238, 0.13615, 0.13615, 1.44879
1.86238, 0.13615, 0.13615, 1.44879
1.86238, 0.13615, 0.13615, 1.44879
1.86238, 0.13615, 0.13615, 1.44879
1.86238, 0.13615, 0.13615, 1.44879
1.86238, 0.13615, 0.13615, 1.44879
1.86238, 0.13615, 0.13615, 1.44879
1.86238, 0.13615, 0.13615, 1.44879
1.86238, 0.13615, 0.13615, 1.44879
1.86238, 0.13615, 0.13615, 1.44879
1.86238, 0.13615, 0.13615, 1.44879
1.86238, 0.13615, 0.13615, 1.44879
1.86238, 0.13615, 0.13615, 1.44879
1.86238, 0.13615, 0.13615, 1.44879
1.86238, 0.13615, 0.13615, 1.44879
1.86238, 0.13615, 0.13615, 1.44879
1.86238, 0.13615, 0.13615, 1.44879
1.86238, 0.13615, 0.13615, 1.44879
1.86238, 0.13615, 0.13615, 1.44879
1.86238, 0.13615, 0.13615, 1.44879
1.86238, 0.13615, 0.13615, 1.44879
1.86238, 0.13615, 0.13615, 1.44879
1.86238, 0.13615, 0.13615, 1.44879
1.86238, 0.13615, 0.13615, 1.44879
1.86238, 0.13615, 0.13615, 1.44879
1.86238, 0.13615, 0.13615, 1.44879
1.86238, 0.13615, 0.13615, 1.44879
1.86238, 0.13615, 0.13615, 1.44879
1.86238, 0.13615, 0.13615, 1.44879
1.86238, 0.13615, 0.13615, 1.44879
1.86238, 0.13615, 0.13615, 1.44879
1.86238, 0.13615, 0.13615, 1.44879
1.86238, 0.13615, 0.13615, 1.44879
1.86238, 0.13615, 0.13615, 1.44879
1.86238, 0.13615, 0.13615, 1.44879
1.86238, 0.13615, 0.13615, 1.44879
1.86238, 0.13615, 0.13615, 1.44879
1.86238, 0.13615, 0.13615, 1.44879
1.86238, 0.13615, 0.13615, 1.44879
1.86238, 0.13615, 0.13615, 1.44879
1.86238, 0.13615, 0.13615, 1.44879
1.86238, 0.13615, 0.13615, 1.44879
1.86238, 0.13615, 0.13615, 1.44879
1.86238, 0.13615, 0.13615, 1.44879
1.86238, 0.13615, 0.13615, 1.44879
1.86238, 0.13615, 0.13615, 1.44879
1.86238, 0.13615, 0.13615, 1.44879
1.86238, 0.13615, 0.13615, 1.44879
1.86238, 0.13615, 0.13615, 1.44879
1.86238, 0.13615, 0.13615, 1.44879
1.86238, 0.13615, 0.13615, 1.44879
1.86238, 0.13615, 0.13615, 1.44879
1.86238, 0.13615, 0.13615, 1.44879
1.86238, 0.13615, 0.13615, 1.44879
1.86238, 0.13615, 0.13615, 1.44879
1.86238, 0.13615, 0.13615, 1.44879
1.86238, 0.13615, 0.13615, 1.44879
1.86238, 0.13615, 0.13615, 1.44879
1.86238, 0.13615, 0.13615, 1.44879
1.86238, 0.13615, 0.13615, 1.44879
1.86238, 0.13615, 0.13615, 1.44879
1.86238, 0.13615, 0.13615, 1.44879
1.86238, 0.13615, 0.13615, 1.44879
1.86238, 0.13615, 0.13615, 1.44879
1.86238, 0.13615, 0.13615, 1.44879
1.86238, 0.13615, 0.13615, 1.44879
1.86238, 0.13615, 0.13615, 1.44879
1.86238, 0.13615, 0.13615, 1.44879
1.86238, 0.13615, 0.13615, 1.44879
1.86238, 0.13615, 0.13615, 1.44879
1.86238, 0.13615, 0.13615, 1.44879
1.86238, 0.13615, 0.13615, 1.44879
1.86238, 0.13615, 0.13615, 1.44879
1.86238, 0.13615, 0.13615, 1.44879
1.86238, 0.13615, 0.13615, 1.44879
1.86238, 0.13615, 0.13615, 1.44879
1.86238, 0.13615, 0.13615, 1.44879
1.86238, 0.13615, 0.13615, 1.44879
1.86238, 0.13615, 0.13615, 1.44879
1.86238, 0.13615, 0.13615, 1.44879
1.86238, 0.13615, 0.13615, 1.44879
1.86238, 0.13615, 0.13615, 1.44879
1.86238, 0.13615, 0.13615, 1.44879
1.86238, 0.13615, 0.13615, 1.44879
1.86238, 0.13615, 0.13615, 1.44879
1.86238, 0.13615, 0.13615, 1.44879
1.86238, 0.13615, 0.13615, 1.44879
1.86238, 0.13615, 0.13615, 1.44879
1.86238, 0.13615, 0.13615, 1.44879
1.86238, 0.13615, 0.13615, 1.44879
1.86238, 0.13615, 0.13615, 1.44879
1.86238, 0.13615, 0.13615, 1.44879
1.86238, 0.13615, 0.13615, 1.44879
1.86238, 0.13615, 0.13615, 1.44879
1.86238, 0.13615, 0.13615, 1.44879
1.86238, 0.13615, 0.13615, 1.44879
1.86238, 0.13615, 0.13615, 1.44879
1.86238, 0.13615, 0.13615, 1.44879
1.86238, 0.13615, 0.13615, 1.44879
1.86238, 0.13615, 0.13615, 1.44879
1.86238, 0.13615, 0.13615, 1.44879
1.86238, 0.13615, 0.13615, 1.44879
1.86238, 0.13615, 0.13615, 1.44879
1.86238, 0.13615, 0.13615, 1.44879
1.86238, 0.13615, 0.13615, 1.44879
1.86238, 0.13615, 0.13615, 1.44879
1.86238, 0.13615, 0.13615, 1.44879
1.86238, 0.13615, 0.13615, 1.44879
1.86238, 0.13615, 0.13615, 1.44879
2254.42059, 277.60946, 277.60946, 3140.09978
2254.42059, 277.60946, 277.60946, 3140.09978
2254.42059, 277.60946, 277.60946, 3140.09978
2254.42059, 277.60946, 277.60946, 3140.09978
2254.42059, 277.60946, 277.60946, 3140.09978
2254.42059, 277.60946, 277.60946, 3140.09978
2254.42059, 277.60946, 277.60946, 3140.09978
2254.42059, 277.60946, 277.60946, 3140.09978
2254.42059, 277.60946, 277.60946, 3140.09978
2254.42059, 277.60946, 277.60946, 3140.09978
2254.42059, 277.60946, 277.60946, 3140.09978
2254.42059, 277.60946, 277.60946, 3140.09978
2254.42059, 277.60946, 277.60946, 3140.09978
2254.42059, 277.60946, 277.60946, 3140.09978
2254.42059, 277.60946, 277.60946, 3140.09978
2254.42059, 277.60946, 277.60946, 3140.09978
2254.42059, 277.60946, 277.60946, 3140.09978
2254.42059, 277.60946, 277.60946, 3140.09978
2254.42059, 277.60946, 277.60946, 3140.09978
2254.42059, 277.60946, 277.60946, 3140.09978
2254.42059, 277.60946, 277.60946, 3140.09978
2254.42059, 277.60946, 277.60946, 3140.09978
2254.42059, 277.60946, 277.60946, 3140.09978
2254.42059, 277.60946, 277.60946, 3140.09978
2254.42059, 277.60946, 277.60946, 3140.09978
2254.42059, 277.60946, 277.60946, 3140.09978
2254.42059, 277.60946, 277.60946, 3140.09978
2254.42059, 277.60946, 277.60946, 3140.09978
2254.42059, 277.60946, 277.60946, 3140.09978
2254.42059, 277.60946, 277.60946, 3140.09978
2254.42059, 277.60946, 277.60946, 3140.09978
2254.42059, 277.60946, 277.60946, 3140.09978
2254.42059, 277.60946, 277.60946, 3140.09978
2254.42059, 277.60946, 277.60946, 3140.09978
2254.42059, 277.60946, 277.60946, 3140.09978
2254.42059, 277.60946, 277.60946, 3140.09978
2254.42059, 277.60946, 277.60946, 3140.09978
2254.42059, 277.60946, 277.60946, 3140.09978
2254.42059, 277.60946, 277.60946, 3140.09978
2254.42059, 277.60946, 277.60946, 3140.09978
2254.42059, 277.60946, 277.60946, 3140.09978
2254.42059, 277.60946, 277.60946, 3140.09978
2254.42059, 277.60946, 277.60946, 3140.09978
2254.42059, 277.60946, 277.60946, 3140.09978
2254.42059, 277.60946, 277.60946, 3140.09978
2254.42059, 277.60946, 277.60946, 3140.09978
2254.42059, 277.60946, 277.60946, 3140.09978
2254.42059, 277.60946, 277.60946, 3140.09978
2254.42059, 277.60946, 277.60946, 3140.09978
2254.42059, 277.60946, 277.60946, 3140.09978
2254.42059, 277.60946, 277.60946, 3140.09978
2254.42059, 277.60946, 277.60946, 3140.09978
2254.42059, 277.60946, 277.60946, 3140.09978
2254.42059, 277.60946, 277.60946, 3140.09978
2254.42059, 277.60946, 277.60946, 3140.09978
2254.42059, 277.60946, 277.60946, 3140.09978
2254.42059, 277.60946, 277.60946, 3140.09978
2254.42059, 277.60946, 277.60946, 3140.09978
2254.42059, 277.60946, 277.60946, 3140.09978
2254.42059, 277.60946, 277.60946, 3140.09978
2254.49153, 277.61820, 277.61820, 3140.19858
2254.49153, 277.61820, 277.61820, 3140.19858
2254.49153, 277.61820, 277.61820, 3140.19858
2254.49153, 277.61820, 277.61820, 3140.19858
2254.49153, 277.61820, 277.61820, 3140.19858
2254.49153, 277.61820, 277.61820, 3140.19858
2254.49153, 277.61820, 277.61820, 3140.19858
2254.49153, 277.61820, 277.61820, 3140.19858
2254.49153, 277.61820, 277.61820, 3140.19858
2254.49153, 277.61820, 277.61820, 3140.19858
2254.49153, 277.61820, 277.61820, 3140.19858
2254.49153, 277.61820, 277.61820, 3140.19858
2254.49153, 277.61820, 277.61820, 3140.19858
2254.49153, 277.61820, 277.61820, 3140.19858
2254.49153, 277.61820, 277.61820, 3140.19858
2254.49153, 277.61820, 277.61820, 3140.19858
2255.14015, 277.69807, 277.69807, 3141.10203
2255.14015, 277.69807, 277.69807, 3141.10203
2255.14015, 277.69807, 277.69807, 3141.10203
2255.14015, 277.69807, 277.69807, 3141.10203
2255.14015, 277.69807, 277.69807, 3141.10203
2255.21108, 277.70680, 277.70680, 3141.20083
8.06757, 0.58979, 0.58979, 6.27597
1935.00953, 238.27717, 238.27717, 2695.20382
2134.44200, 0.87091, 0.87091, 9.26743
1498.92398, 184.57757, 184.57757, 2087.79625
398.16512, 49.03007, 49.03007, 2188.95375
2027.32912, 249.64541, 249.64541, 2823.79239
2.35839, 0.17241, 0.17241, 1.83466
12.49753, 0.91365, 0.91365, 9.72216
8.07158, 0.59008, 0.59008, 6.27910
2101.60623, 301.08266, 301.08266, 2988.53695
1935.00953, 238.27717, 238.27717, 2695.20382
1783.80616, 219.65798, 219.65798, 2484.59819
1.85324, 0.13548, 0.13548, 432.10096
14.43875, 1.05556, 1.05556, 11.23228
9.43283, 646.81042, 646.81042, 7.03068
5.91745, 0.43260, 0.43260, 4.60334
11.06416, 0.80886, 0.80886, 8.60710
5.91745, 0.43260, 0.43260, 4.60334
1050.13363, 129.31351, 129.31351, 1462.69263
589.42508, 72.58183, 72.58183, 820.98858
1040.54150, 128.13233, 128.13233, 1449.33210
1358.74528, 167.31596, 167.31596, 1892.54648
613.69607, 75.57056, 75.57056, 854.79476
1.98577, 43.76831, 43.76831, 495.07273
1257.78144, 154.88327, 154.88327, 1751.91764
1686.02741, 207.61750, 207.61750, 2348.40575
1109.03216, 136.56627, 136.56627, 1544.73023
1184.13315, 145.81421, 145.81421, 1649.33565
1361.26846, 167.62666, 167.62666, 1896.06093
1383.54756, 170.37011, 170.37011, 1927.09266
6.36257, 390.71863, 390.71863, 6.93376
6.36978, 0.46567, 0.46567, 4.95522
7.80893, 0.57088, 0.57088, 6.07477
12.49753, 0.91365, 0.91365, 9.72216
2610.25476, 321.42690, 321.42690, 1903.66454
1263.54158, 155.59257, 155.59257, 1759.94073
13.59954, 292.17728, 292.17728, 3.61753
9.23798, 0.67535, 0.67535, 1312.28979
3.48046, 0.25444, 0.25444, 2.70754
2229.70039, 274.56541, 274.56541, 3105.66791
11.55897, 0.84503, 0.84503, 8.99203
422.22824, 51.99321, 51.99321, 588.10623
2255.14015, 277.69807, 277.69807, 3141.10203
2027.32912, 249.64541, 249.64541, 2823.79239
9.47774, 0.69288, 0.69288, 7.37299
3.48046, 0.25444, 0.25444, 2.70754
14.08858, 1.02996, 1.02996, 10.95988
10.92734, 0.79885, 0.79885, 3243.90737
14.91772, 1.09058, 1.09058, 11.60489
1307.40668, 160.99412, 160.99412, 1821.03882
538.59472, 66.32258, 66.32258, 750.18883
8.96368, 0.65530, 0.65530, 6.97309
1383.54756, 170.37011, 170.37011, 1927.09266
1263.54158, 155.59257, 155.59257, 1759.94073
7.17782, 0.52474, 0.52474, 5.58381
2034.47092, 250.52485, 250.52485, 2833.73995
14.91772, 1.09058, 1.09058, 11.60489
527.02127, 64.89743, 64.89743, 734.06861
8.61009, 0.62945, 0.62945, 6.69802
11.92872, 0.87206, 0.87206, 9.27967
761.09538, 93.72132, 93.72132, 1060.10184
1263.61251, 155.60131, 155.60131, 1760.03953
2254.42059, 277.60946, 277.60946, 3140.09978
1263.61251, 155.60131, 155.60131, 1760.03953
1724.85961, 0.76093, 0.76093, 8.09705
1040.54150, 128.13233, 128.13233, 1449.33210
1307.40668, 160.99412, 160.99412, 1821.03882
5.91232, 0.43223, 0.43223, 4.59935
1040.54150, 128.13233, 128.13233, 1449.33210
14.17054, 1.03595, 1.03595, 11.02363
1419.91758, 174.84872, 174.84872, 1977.75114
2.93572, 0.21462, 0.21462, 2.28377
1498.92398, 184.57757, 184.57757, 2087.79625
9.48845, 0.69366, 0.69366, 7.38131
11.07260, 0.80947, 0.80947, 8.61367
13.55296, 0.99080, 0.99080, 10.54320
1459.16305, 179.68141, 179.68141, 2032.41471
5.91232, 0.43223, 0.43223, 4.59935
1804.49812, 0.78544, 0.78544, 8.35796
9.48845, 0.69366, 0.69366, 7.38131
5.54343, 0.40526, 0.40526, 4.31238
13.03665, 0.34659, 0.34659, 385.40819
569.66479, 538.08121, 538.08121, 1917.38063
2425.42754, 325.98440, 325.98440, 628.17221
2254.42059, 277.60946, 277.60946, 3140.09978
1342.33991, 165.29580, 165.29580, 1869.69604
2027.40005, 249.65414, 249.65414, 2823.89119
2036.38676, 250.76076, 250.76076, 2836.40845
621.86065, 1090.06709, 1090.06709, 11.48443
5.91232, 0.43223, 0.43223, 4.59935
11.92872, 0.87206, 0.87206, 9.27967
13.01778, 0.95168, 0.95168, 10.12688
2072.90443, 255.25755, 255.25755, 2887.27257
14.43875, 1.05556, 1.05556, 11.23228
5.54343, 0.40526, 0.40526, 4.31238
841.65057, 103.64089, 103.64089, 1172.30422
8.92264, 0.65230, 0.65230, 6.94116
10.14084, 0.74136, 0.74136, 7.88883
6.76160, 0.49431, 0.49431, 5.26003
1.85324, 0.13548, 0.13548, 432.10096
50.92569, 411.16547, 411.16547, 1153.94705
2103.78163, 259.05977, 259.05977, 2930.28029
894.33392, 110.12832, 110.12832, 1245.68492
10.14084, 0.74136, 0.74136, 7.88883
2134.29713, 85.04300, 85.04300, 2801.72157
1498.92398, 184.57757, 184.57757, 2087.79625
7.24548, 0.52969, 0.52969, 5.63645
1274.97083, 156.99997, 156.99997, 1775.86012
10.14084, 0.74136, 0.74136, 7.88883
1274.97083, 156.99997, 156.99997, 1775.86012
794.13646, 175.62778, 175.62778, 1238.72267
1.85324, 0.13548, 0.13548, 432.10096
10.61965, 0.77636, 0.77636, 8.26130
5.21562, 0.38129, 0.38129, 4.05737
2184.87743, 269.04591, 269.04591, 3043.23566
456.38704, 93.96427, 93.96427, 448.19942
14.91721, 1.09054, 1.09054, 11.60449
4.13826, 0.30253, 0.30253, 3.21926
1356.11963, 232.50975, 232.50975, 2629.96733
1.98577, 43.76831, 43.76831, 495.07273
2241.84219, 276.06056, 276.06056, 3122.57979
9.48845, 0.69366, 0.69366, 7.38131
1263.54158, 155.59257, 155.59257, 1759.94073
10.14084, 0.74136, 0.74136, 7.88883
1252.45832, 154.22778, 154.22778, 1744.50327
1779.35758, 219.11018, 219.11018, 2478.40193
1737.80027, 213.99281, 213.99281, 2420.51828
1737.80027, 213.99281, 213.99281, 2420.51828
9.48845, 0.69366, 0.69366, 7.38131
1307.40668, 160.99412, 160.99412, 1821.03882
1566.83444, 192.94007, 192.94007, 2182.38624
1834.12217, 225.85389, 225.85389, 2554.68151
5.89042, 0.43063, 0.43063, 1220.38346
538.59472, 66.32258, 66.32258, 750.18883
6.76160, 0.49431, 0.49431, 5.26003
1.98577, 43.76831, 43.76831, 495.07273
894.33392, 110.12832, 110.12832, 1245.68492
14.08858, 1.02996, 1.02996, 10.95988
7.82679, 0.57219, 0.57219, 2411.59835
1025.37369, 126.26457, 126.26457, 1428.20541
10.14084, 0.74136, 0.74136, 7.88883
1566.83444, 192.94007, 192.94007, 2182.38624
5.81115, 0.42483, 0.42483, 4.52065
13.01778, 0.95168, 0.95168, 10.12688
1109.03216, 136.56627, 136.56627, 1544.73023
1307.40668, 160.99412, 160.99412, 1821.03882
1050.13363, 129.31351, 129.31351, 1462.69263
8.96368, 0.65530, 0.65530, 6.97309
14.17054, 1.03595, 1.03595, 11.02363
10.51157, 0.76846, 0.76846, 8.17723
1257.85237, 154.89200, 154.89200, 1752.01644
1596.98390, 196.65268, 196.65268, 892.56763
10.51157, 0.76846, 0.76846, 8.17723
1092.57185, 134.53935, 134.53935, 1521.80327
1184.13315, 145.81421, 145.81421, 1649.33565
4.08567, 0.29869, 0.29869, 3.17835
1185.63531, 145.99919, 145.99919, 1651.42795
2.35839, 0.17241, 0.17241, 1.83466
422.22824, 51.99321, 51.99321, 588.10623
1092.57185, 134.53935, 134.53935, 1521.80327
14.08807, 1.02992, 1.02992, 10.95948
1.85324, 0.13548, 0.13548, 432.10096
305.99027, 951.40266, 951.40266, 2816.03239
1622.61571, 199.80898, 199.80898, 2260.08192
7.35372, 347.19840, 347.19840, 7.23489
1970.30711, 242.62371, 242.62371, 2744.36853
14.43875, 1.05556, 1.05556, 11.23228
4.35596, 0.31845, 0.31845, 3.38862
10.51157, 0.76846, 0.76846, 8.17723
1000.50614, 36.53940, 36.53940, 1566.26437
601.95121, 0.27443, 0.27443, 2.92021
3.24919, 133.57580, 133.57580, 917.02770
2254.42059, 277.60946, 277.60946, 3140.09978
688.80514, 84.81950, 84.81950, 959.41143
1978.48128, 243.63028, 243.63028, 2755.75403
1271.40434, 594.78533, 594.78533, 2703.40952
10.51157, 0.76846, 0.76846, 8.17723
1741.08714, 214.39756, 214.39756, 2186.65094
1737.80027, 213.99281, 213.99281, 2420.51828
1771.35812, 218.12513, 218.12513, 2467.25978
2027.32912, 249.64541, 249.64541, 2823.79239
2178.29121, 268.23489, 268.23489, 1493.31959
761.89174, 93.81939, 93.81939, 1061.21107
1.86238, 0.13615, 0.13615, 1.44879
1274.97083, 156.99997, 156.99997, 1775.86012
1.86238, 0.13615, 0.13615, 1.44879
11.92923, 0.87210, 0.87210, 9.28006
589.42508, 72.58183, 72.58183, 820.98858
7.80893, 0.57088, 0.57088, 6.07477
4.35596, 0.31845, 0.31845, 3.38862
2.31571, 106.82314, 106.82314, 2148.97905
3.96063, 5.17463, 5.17463, 3.08189
538.59472, 66.32258, 66.32258, 750.18883
589.42508, 72.58183, 72.58183, 820.98858
11.55386, 0.84466, 0.84466, 8.98805
1293.45273, 159.27583, 159.27583, 3970.52574
1088.75984, 136.21856, 136.21856, 1540.79719
7.80893, 0.57088, 0.57088, 6.07477
13.72640, 1.00348, 1.00348, 10.67813
1263.54158, 155.59257, 155.59257, 1759.94073
1538.83885, 194.78256, 194.78256, 2125.05587
285.56422, 440.51728, 440.51728, 1418.78420
538.59472, 66.32258, 66.32258, 750.18883
14.91772, 1.09058, 1.09058, 11.60489
13.72589, 1.00345, 1.00345, 10.67773
1073.21943, 247.25031, 247.25031, 2796.70093
14.08807, 1.02992, 1.02992, 10.95948
4.83986, 0.35382, 0.35382, 3350.61913
1566.83444, 192.94007, 192.94007, 2182.38624
10.90076, 0.79691, 0.79691, 8.47999
910.35295, 864.11992, 864.11992, 10.43955
8.94352, 0.65383, 0.65383, 6.95740
11.06416, 0.80886, 0.80886, 8.60710
1260.13908, 155.17359, 155.17359, 1755.20151
688.80514, 84.81950, 84.81950, 959.41143
6.90781, 0.50500, 0.50500, 5.37377
1622.54477, 199.80024, 199.80024, 2259.98312
1807.29920, 222.55091, 222.55091, 2517.32078
1686.02741, 207.61750, 207.61750, 2348.40575
1622.54477, 199.80024, 199.80024, 2259.98312
2.35839, 0.17241, 0.17241, 1.83466
13.55346, 0.99084, 0.99084, 10.54359
11.92872, 0.87206, 0.87206, 9.27967
751.54366, 92.54512, 92.54512, 1046.79761
1025.37369, 126.26457, 126.26457, 1428.20541
1686.02741, 207.61750, 207.61750, 2348.40575
1099.37920, 0.63065, 0.63065, 3983.48478
1050.13363, 129.31351, 129.31351, 1462.69263
7.17711, 0.52469, 0.52469, 5.58326
1109.03216, 136.56627, 136.56627, 1544.73023
11.92923, 0.87210, 0.87210, 9.28006
8.61009, 0.62945, 0.62945, 6.69802
1436.27126, 269.58335, 269.58335, 3049.31467
9.48845, 0.69366, 0.69366, 7.38131
1.86238, 0.13615, 0.13615, 1.44879
688.80514, 84.81950, 84.81950, 959.41143
1109.10309, 136.57501, 136.57501, 1544.82903
462.23359, 56.91947, 56.91947, 3253.16374
2027.32912, 249.64541, 249.64541, 2823.79239
2254.42059, 277.60946, 277.60946, 3140.09978
1686.02741, 207.61750, 207.61750, 2348.40575
1040.54150, 128.13233, 128.13233, 1449.33210
2254.42059, 277.60946, 277.60946, 3140.09978
1783.80616, 219.65798, 219.65798, 2484.59819
11.06416, 0.80886, 0.80886, 8.60710
589.42508, 72.58183, 72.58183, 820.98858
826.18856, 101.73690, 101.73690, 1150.76775
3.48046, 0.25444, 0.25444, 2.70754
1935.00953, 238.27717, 238.27717, 2695.20382
10.02356, 0.73278, 0.73278, 7.79759
1185.63531, 145.99919, 145.99919, 1651.42795
9.08939, 26.06103, 26.06103, 7.07978
1498.99491, 184.58631, 184.58631, 2087.89505
divergence_from_baseline:408.348147997
